# T(SEC)      TMP(K)       H2         H          O          O2         OH        H2O        HO2        CH2        CH2(S)     CH3       CH4        CO         CO2        HCO        CH2O      CH3O       C2H4       C2H5       C2H6       N2         AR
0.000000E+00  0.200000E+04  0.000000E+00  0.000000E+00  0.000000E+00  0.190114E+00  0.000000E+00  0.000000E+00  0.000000E+00  0.000000E+00  0.000000E+00  0.000000E+00  0.950570E-01  0.000000E+00  0.000000E+00  0.000000E+00  0.000000E+00  0.000000E+00  0.000000E+00  0.000000E+00  0.000000E+00  0.714829E+00  0.000000E+00
0.200000E-06  0.199991E+04  0.257953E-05  0.368302E-05  0.803673E-06  0.190110E+00  0.115303E-05  0.444328E-06  0.121167E-05  0.736926E-10  0.283209E-10  0.120436E-04  0.950443E-01  0.957088E-10  0.226645E-15  0.266819E-10  0.214749E-07  0.807625E-08  0.723691E-11  0.312418E-10  0.217103E-10  0.714824E+00  0.000000E+00
0.400000E-06  0.199983E+04  0.719270E-05  0.442378E-05  0.154113E-05  0.190105E+00  0.275750E-05  0.245177E-05  0.244826E-05  0.510728E-09  0.144239E-09  0.286530E-04  0.950268E-01  0.122527E-08  0.889147E-14  0.255588E-09  0.117344E-06  0.219130E-07  0.134057E-09  0.289135E-09  0.237173E-09  0.714818E+00  0.000000E+00
0.600000E-06  0.199975E+04  0.122260E-04  0.459146E-05  0.190095E-05  0.190100E+00  0.384413E-05  0.583860E-05  0.371737E-05  0.134247E-08  0.328247E-09  0.475873E-04  0.950070E-01  0.506249E-08  0.617877E-13  0.783851E-09  0.311373E-06  0.382911E-07  0.726956E-09  0.102554E-08  0.975163E-09  0.714813E+00  0.000000E+00
0.800000E-06  0.199966E+04  0.173670E-04  0.464986E-05  0.208164E-05  0.190095E+00  0.446709E-05  0.100755E-04  0.502304E-05  0.240730E-08  0.543549E-09  0.676539E-04  0.949858E-01  0.129811E-07  0.218268E-12  0.154363E-08  0.615309E-06  0.560574E-07  0.234889E-08  0.242357E-08  0.263583E-08  0.714807E+00  0.000000E+00
0.100000E-05  0.199958E+04  0.225572E-04  0.468914E-05  0.219778E-05  0.190089E+00  0.482830E-05  0.147983E-04  0.636699E-05  0.358899E-08  0.772079E-09  0.882825E-04  0.949640E-01  0.258201E-07  0.550036E-12  0.245679E-08  0.103546E-05  0.746536E-07  0.570021E-08  0.458587E-08  0.563741E-08  0.714802E+00  0.000000E+00
0.120000E-05  0.199950E+04  0.277873E-04  0.472665E-05  0.229360E-05  0.190083E+00  0.506650E-05  0.198193E-04  0.774969E-05  0.484959E-08  0.101022E-08  0.109222E-03  0.949417E-01  0.441451E-07  0.114194E-11  0.349242E-08  0.157577E-05  0.938359E-07  0.115532E-07  0.756348E-08  0.103950E-07  0.714797E+00  0.000000E+00
0.140000E-05  0.199942E+04  0.330576E-04  0.476568E-05  0.238397E-05  0.190077E+00  0.525344E-05  0.250550E-04  0.917109E-05  0.619016E-08  0.125965E-08  0.130369E-03  0.949191E-01  0.684757E-07  0.209701E-11  0.465161E-08  0.223927E-05  0.113510E-06  0.207162E-07  0.113831E-07  0.173156E-07  0.714791E+00  0.000000E+00
0.160000E-05  0.199934E+04  0.383701E-04  0.480689E-05  0.247353E-05  0.190071E+00  0.542179E-05  0.304726E-04  0.106309E-04  0.762204E-08  0.152286E-08  0.151683E-03  0.948962E-01  0.993804E-07  0.354120E-11  0.594676E-08  0.302864E-05  0.133646E-06  0.340182E-07  0.160626E-07  0.267984E-07  0.714786E+00  0.000000E+00
0.180000E-05  0.199926E+04  0.437273E-04  0.485044E-05  0.256366E-05  0.190065E+00  0.558545E-05  0.360617E-04  0.121286E-04  0.915605E-08  0.180186E-08  0.173148E-03  0.948729E-01  0.137494E-06  0.562735E-11  0.739175E-08  0.394648E-05  0.154242E-06  0.523045E-07  0.216178E-07  0.392363E-07  0.714780E+00  0.000000E+00
0.200000E-05  0.199918E+04  0.491314E-04  0.489641E-05  0.265479E-05  0.190058E+00  0.575011E-05  0.418209E-04  0.136639E-04  0.108005E-07  0.209811E-08  0.194762E-03  0.948493E-01  0.183514E-06  0.853901E-11  0.899935E-08  0.499537E-05  0.175309E-06  0.764360E-07  0.280651E-07  0.550172E-07  0.714774E+00  0.000000E+00
0.220000E-05  0.199910E+04  0.545852E-04  0.494486E-05  0.274705E-05  0.190051E+00  0.591809E-05  0.477529E-04  0.152362E-04  0.125617E-07  0.241272E-08  0.216523E-03  0.948254E-01  0.238188E-06  0.124945E-10  0.107812E-07  0.617798E-05  0.196859E-06  0.107290E-06  0.354217E-07  0.745244E-07  0.714769E+00  0.000000E+00
0.240000E-05  0.199902E+04  0.600913E-04  0.499586E-05  0.284049E-05  0.190044E+00  0.609034E-05  0.538619E-04  0.168452E-04  0.144450E-07  0.274666E-08  0.238432E-03  0.948012E-01  0.302315E-06  0.177509E-10  0.127486E-07  0.749700E-05  0.218908E-06  0.145761E-06  0.437055E-07  0.981380E-07  0.714763E+00  0.000000E+00
0.260000E-05  0.199894E+04  0.656523E-04  0.504949E-05  0.293515E-05  0.190037E+00  0.626732E-05  0.601529E-04  0.184902E-04  0.164551E-07  0.310080E-08  0.260492E-03  0.947767E-01  0.376738E-06  0.246093E-10  0.149125E-07  0.895522E-05  0.241471E-06  0.192762E-06  0.529356E-07  0.126235E-06  0.714757E+00  0.000000E+00
0.280000E-05  0.199887E+04  0.712710E-04  0.510580E-05  0.303104E-05  0.190030E+00  0.644930E-05  0.666311E-04  0.201708E-04  0.185970E-07  0.347603E-08  0.282704E-03  0.947518E-01  0.462347E-06  0.334190E-10  0.172842E-07  0.105555E-04  0.264565E-06  0.249223E-06  0.631312E-07  0.159189E-06  0.714751E+00  0.000000E+00
0.300000E-05  0.199879E+04  0.769503E-04  0.516487E-05  0.312820E-05  0.190022E+00  0.663646E-05  0.733019E-04  0.218865E-04  0.208752E-07  0.387323E-08  0.305071E-03  0.947265E-01  0.560079E-06  0.445838E-10  0.198754E-07  0.123007E-04  0.288207E-06  0.316096E-06  0.743127E-07  0.197373E-06  0.714746E+00  0.000000E+00
0.320000E-05  0.199871E+04  0.826931E-04  0.522678E-05  0.322666E-05  0.190014E+00  0.682896E-05  0.801712E-04  0.236368E-04  0.232947E-07  0.429332E-08  0.327595E-03  0.947009E-01  0.670920E-06  0.585674E-10  0.226981E-07  0.141939E-04  0.312412E-06  0.394352E-06  0.865005E-07  0.241155E-06  0.714740E+00  0.000000E+00
0.340000E-05  0.199863E+04  0.885023E-04  0.529159E-05  0.332642E-05  0.190006E+00  0.702694E-05  0.872447E-04  0.254210E-04  0.258605E-07  0.473724E-08  0.350277E-03  0.946749E-01  0.795905E-06  0.759000E-10  0.257651E-07  0.162380E-04  0.337198E-06  0.484981E-06  0.997161E-07  0.290906E-06  0.714734E+00  0.000000E+00
0.360000E-05  0.199856E+04  0.943811E-04  0.535938E-05  0.342754E-05  0.189997E+00  0.723057E-05  0.945285E-04  0.272388E-04  0.285778E-07  0.520599E-08  0.373121E-03  0.946486E-01  0.936125E-06  0.971841E-10  0.290892E-07  0.184363E-04  0.362581E-06  0.588997E-06  0.113981E-06  0.346991E-06  0.714728E+00  0.000000E+00
0.380000E-05  0.199848E+04  0.100332E-03  0.543024E-05  0.353002E-05  0.189989E+00  0.743999E-05  0.102029E-03  0.290895E-04  0.314520E-07  0.570059E-08  0.396129E-03  0.946218E-01  0.109272E-05  0.123103E-09  0.326842E-07  0.207918E-04  0.388577E-06  0.707432E-06  0.129318E-06  0.409778E-06  0.714722E+00  0.000000E+00
0.400000E-05  0.199840E+04  0.106360E-03  0.550423E-05  0.363391E-05  0.189980E+00  0.765535E-05  0.109752E-03  0.309725E-04  0.344887E-07  0.622209E-08  0.419303E-03  0.945947E-01  0.126690E-05  0.154428E-09  0.365643E-07  0.233080E-04  0.415204E-06  0.841345E-06  0.145751E-06  0.479631E-06  0.714716E+00  0.000000E+00
0.420000E-05  0.199833E+04  0.112466E-03  0.558144E-05  0.373922E-05  0.189971E+00  0.787681E-05  0.117705E-03  0.328874E-04  0.376939E-07  0.677161E-08  0.442646E-03  0.945671E-01  0.145991E-05  0.192028E-09  0.407442E-07  0.259880E-04  0.442477E-06  0.991815E-06  0.163302E-06  0.556917E-06  0.714709E+00  0.000000E+00
0.440000E-05  0.199825E+04  0.118655E-03  0.566197E-05  0.384599E-05  0.189961E+00  0.810451E-05  0.125893E-03  0.348336E-04  0.410733E-07  0.735029E-08  0.466161E-03  0.945391E-01  0.167308E-05  0.236876E-09  0.452393E-07  0.288352E-04  0.470415E-06  0.115994E-05  0.181996E-06  0.642001E-06  0.714703E+00  0.000000E+00
0.460000E-05  0.199818E+04  0.124930E-03  0.574588E-05  0.395425E-05  0.189952E+00  0.833863E-05  0.134325E-03  0.368104E-04  0.446334E-07  0.795931E-08  0.489849E-03  0.945107E-01  0.190781E-05  0.290063E-09  0.500657E-07  0.318532E-04  0.499033E-06  0.134686E-05  0.201859E-06  0.735250E-06  0.714697E+00  0.000000E+00
0.480000E-05  0.199810E+04  0.131295E-03  0.583328E-05  0.406402E-05  0.189942E+00  0.857931E-05  0.143007E-03  0.388174E-04  0.483804E-07  0.859992E-08  0.513715E-03  0.944819E-01  0.216553E-05  0.352803E-09  0.552399E-07  0.350454E-04  0.528348E-06  0.155372E-05  0.222915E-06  0.837030E-06  0.714691E+00  0.000000E+00
0.500000E-05  0.199803E+04  0.137753E-03  0.592425E-05  0.417534E-05  0.189932E+00  0.882671E-05  0.151947E-03  0.408540E-04  0.523213E-07  0.927339E-08  0.537759E-03  0.944525E-01  0.244777E-05  0.426447E-09  0.607793E-07  0.384155E-04  0.558379E-06  0.178169E-05  0.245193E-06  0.947710E-06  0.714684E+00  0.000000E+00
0.520000E-05  0.199796E+04  0.144308E-03  0.601888E-05  0.428824E-05  0.189921E+00  0.908100E-05  0.161152E-03  0.429195E-04  0.564628E-07  0.998104E-08  0.561986E-03  0.944228E-01  0.275614E-05  0.512494E-09  0.667019E-07  0.419669E-04  0.589140E-06  0.203199E-05  0.268717E-06  0.106766E-05  0.714678E+00  0.000000E+00
0.540000E-05  0.199789E+04  0.150963E-03  0.611728E-05  0.440275E-05  0.189910E+00  0.934235E-05  0.170629E-03  0.450135E-04  0.608121E-07  0.107243E-07  0.586398E-03  0.943925E-01  0.309229E-05  0.612601E-09  0.730265E-07  0.457035E-04  0.620650E-06  0.230585E-05  0.293518E-06  0.119725E-05  0.714671E+00  0.000000E+00
0.560000E-05  0.199781E+04  0.157724E-03  0.621953E-05  0.451890E-05  0.189899E+00  0.961091E-05  0.180387E-03  0.471353E-04  0.653766E-07  0.115045E-07  0.610997E-03  0.943618E-01  0.345798E-05  0.728601E-09  0.797726E-07  0.496290E-04  0.652925E-06  0.260452E-05  0.319623E-06  0.133685E-05  0.714664E+00  0.000000E+00
0.580000E-05  0.199774E+04  0.164593E-03  0.632575E-05  0.463674E-05  0.189888E+00  0.988687E-05  0.190433E-03  0.492845E-04  0.701640E-07  0.123231E-07  0.635787E-03  0.943305E-01  0.385503E-05  0.862515E-09  0.869603E-07  0.537473E-04  0.685983E-06  0.292929E-05  0.347062E-06  0.148684E-05  0.714658E+00  0.000000E+00
0.600000E-05  0.199767E+04  0.171575E-03  0.643603E-05  0.475628E-05  0.189876E+00  0.101704E-04  0.200777E-03  0.514603E-04  0.751823E-07  0.131818E-07  0.660771E-03  0.942987E-01  0.428537E-05  0.101657E-08  0.946109E-07  0.580621E-04  0.719841E-06  0.328149E-05  0.375865E-06  0.164759E-05  0.714651E+00  0.000000E+00
0.620000E-05  0.199760E+04  0.178674E-03  0.655049E-05  0.487757E-05  0.189864E+00  0.104616E-04  0.211425E-03  0.536624E-04  0.804397E-07  0.140821E-07  0.685951E-03  0.942664E-01  0.475099E-05  0.119320E-08  0.102746E-06  0.625774E-04  0.754515E-06  0.366246E-05  0.406064E-06  0.181950E-05  0.714644E+00  0.000000E+00
0.640000E-05  0.199753E+04  0.185895E-03  0.666923E-05  0.500064E-05  0.189851E+00  0.107608E-04  0.222388E-03  0.558900E-04  0.859446E-07  0.150256E-07  0.711330E-03  0.942336E-01  0.525400E-05  0.139510E-08  0.111389E-06  0.672972E-04  0.790024E-06  0.407359E-05  0.437690E-06  0.200293E-05  0.714637E+00  0.000000E+00
0.660000E-05  0.199747E+04  0.193241E-03  0.679236E-05  0.512553E-05  0.189839E+00  0.110680E-04  0.233674E-03  0.581428E-04  0.917058E-07  0.160140E-07  0.736912E-03  0.942002E-01  0.579656E-05  0.162519E-08  0.120562E-06  0.722256E-04  0.826384E-06  0.451628E-05  0.470777E-06  0.219828E-05  0.714630E+00  0.000000E+00
0.680000E-05  0.199740E+04  0.200718E-03  0.692001E-05  0.525228E-05  0.189825E+00  0.113835E-04  0.245292E-03  0.604200E-04  0.977325E-07  0.170491E-07  0.762700E-03  0.941663E-01  0.638098E-05  0.188667E-08  0.130291E-06  0.773666E-04  0.863614E-06  0.499198E-05  0.505358E-06  0.240593E-05  0.714623E+00  0.000000E+00
0.700000E-05  0.199733E+04  0.208330E-03  0.705229E-05  0.538091E-05  0.189812E+00  0.117075E-04  0.257252E-03  0.627213E-04  0.104034E-06  0.181327E-07  0.788695E-03  0.941317E-01  0.700965E-05  0.218304E-08  0.140601E-06  0.827244E-04  0.901729E-06  0.550218E-05  0.541468E-06  0.262629E-05  0.714616E+00  0.000000E+00
0.720000E-05  0.199727E+04  0.216083E-03  0.718932E-05  0.551148E-05  0.189798E+00  0.120401E-04  0.269562E-03  0.650461E-04  0.110620E-06  0.192667E-07  0.814903E-03  0.940966E-01  0.768504E-05  0.251811E-08  0.151518E-06  0.883031E-04  0.940749E-06  0.604838E-05  0.579142E-06  0.285974E-05  0.714608E+00  0.000000E+00
0.740000E-05  0.199720E+04  0.223980E-03  0.733123E-05  0.564402E-05  0.189784E+00  0.123816E-04  0.282234E-03  0.673939E-04  0.117500E-06  0.204531E-07  0.841325E-03  0.940608E-01  0.840978E-05  0.289603E-08  0.163070E-06  0.941070E-04  0.980691E-06  0.663215E-05  0.618418E-06  0.310670E-05  0.714601E+00  0.000000E+00
0.760000E-05  0.199714E+04  0.232027E-03  0.747816E-05  0.577857E-05  0.189769E+00  0.127320E-04  0.295276E-03  0.697642E-04  0.124686E-06  0.216939E-07  0.867966E-03  0.940245E-01  0.918658E-05  0.332130E-08  0.175286E-06  0.100140E-03  0.102157E-05  0.725506E-05  0.659333E-06  0.336756E-05  0.714593E+00  0.000000E+00
0.780000E-05  0.199708E+04  0.240229E-03  0.763023E-05  0.591518E-05  0.189754E+00  0.130917E-04  0.308700E-03  0.721564E-04  0.132187E-06  0.229912E-07  0.894827E-03  0.939875E-01  0.100183E-04  0.379881E-08  0.188194E-06  0.106408E-03  0.106341E-05  0.791875E-05  0.701926E-06  0.364275E-05  0.714585E+00  0.000000E+00
0.800000E-05  0.199702E+04  0.248591E-03  0.778758E-05  0.605387E-05  0.189739E+00  0.134608E-04  0.322515E-03  0.745702E-04  0.140014E-06  0.243471E-07  0.921913E-03  0.939498E-01  0.109078E-04  0.433388E-08  0.201825E-06  0.112913E-03  0.110623E-05  0.862488E-05  0.746236E-06  0.393267E-05  0.714578E+00  0.000000E+00
0.820000E-05  0.199696E+04  0.257119E-03  0.795036E-05  0.619470E-05  0.189723E+00  0.138395E-04  0.336734E-03  0.770051E-04  0.148180E-06  0.257638E-07  0.949226E-03  0.939115E-01  0.118583E-04  0.493226E-08  0.216212E-06  0.119661E-03  0.115003E-05  0.937516E-05  0.792304E-06  0.423775E-05  0.714570E+00  0.000000E+00
0.840000E-05  0.199690E+04  0.265819E-03  0.811870E-05  0.633772E-05  0.189707E+00  0.142281E-04  0.351366E-03  0.794606E-04  0.156695E-06  0.272438E-07  0.976771E-03  0.938724E-01  0.128730E-04  0.560015E-08  0.231387E-06  0.126656E-03  0.119485E-05  0.101713E-04  0.840171E-06  0.455842E-05  0.714562E+00  0.000000E+00
0.860000E-05  0.199684E+04  0.274696E-03  0.829277E-05  0.648295E-05  0.189690E+00  0.146267E-04  0.366423E-03  0.819363E-04  0.165573E-06  0.287895E-07  0.100455E-02  0.938327E-01  0.139552E-04  0.634429E-08  0.247385E-06  0.133903E-03  0.124070E-05  0.110152E-04  0.889881E-06  0.489510E-05  0.714553E+00  0.000000E+00
0.880000E-05  0.199678E+04  0.283756E-03  0.847271E-05  0.663046E-05  0.189673E+00  0.150356E-04  0.381916E-03  0.844318E-04  0.174826E-06  0.304032E-07  0.103257E-02  0.937923E-01  0.151084E-04  0.717193E-08  0.264240E-06  0.141405E-03  0.128760E-05  0.119086E-04  0.941478E-06  0.524824E-05  0.714545E+00  0.000000E+00
0.900000E-05  0.199673E+04  0.293005E-03  0.865868E-05  0.678028E-05  0.189656E+00  0.154549E-04  0.397858E-03  0.869467E-04  0.184466E-06  0.320875E-07  0.106082E-02  0.937511E-01  0.163363E-04  0.809090E-08  0.281989E-06  0.149169E-03  0.133557E-05  0.128534E-04  0.995006E-06  0.561827E-05  0.714537E+00  0.000000E+00
0.920000E-05  0.199667E+04  0.302449E-03  0.885086E-05  0.693247E-05  0.189638E+00  0.158849E-04  0.414261E-03  0.894806E-04  0.194507E-06  0.338452E-07  0.108932E-02  0.937091E-01  0.176426E-04  0.910965E-08  0.300671E-06  0.157197E-03  0.138462E-05  0.138515E-04  0.105051E-05  0.600566E-05  0.714528E+00  0.000000E+00
0.940000E-05  0.199662E+04  0.312094E-03  0.904940E-05  0.708707E-05  0.189619E+00  0.163259E-04  0.431137E-03  0.920332E-04  0.204964E-06  0.356790E-07  0.111807E-02  0.936664E-01  0.190314E-04  0.102373E-07  0.320325E-06  0.165496E-03  0.143478E-05  0.149049E-04  0.110804E-05  0.641085E-05  0.714519E+00  0.000000E+00
0.960000E-05  0.199657E+04  0.321948E-03  0.925448E-05  0.724413E-05  0.189600E+00  0.167780E-04  0.448499E-03  0.946041E-04  0.215850E-06  0.375918E-07  0.114707E-02  0.936229E-01  0.205068E-04  0.114836E-07  0.340992E-06  0.174069E-03  0.148607E-05  0.160156E-04  0.116765E-05  0.683430E-05  0.714511E+00  0.000000E+00
0.980000E-05  0.199652E+04  0.332017E-03  0.946628E-05  0.740371E-05  0.189581E+00  0.172416E-04  0.466360E-03  0.971931E-04  0.227180E-06  0.395863E-07  0.117633E-02  0.935786E-01  0.220729E-04  0.128590E-07  0.362714E-06  0.182921E-03  0.153850E-05  0.171857E-04  0.122938E-05  0.727649E-05  0.714502E+00  0.000000E+00
0.100000E-04  0.199647E+04  0.342307E-03  0.968498E-05  0.756585E-05  0.189561E+00  0.177167E-04  0.484733E-03  0.997999E-04  0.238970E-06  0.416659E-07  0.120584E-02  0.935335E-01  0.237344E-04  0.143750E-07  0.385535E-06  0.192057E-03  0.159209E-05  0.184173E-04  0.129328E-05  0.773788E-05  0.714492E+00  0.000000E+00
0.102000E-04  0.199643E+04  0.352826E-03  0.991078E-05  0.773061E-05  0.189540E+00  0.182038E-04  0.503632E-03  0.102424E-03  0.251235E-06  0.438334E-07  0.123561E-02  0.934875E-01  0.254959E-04  0.160436E-07  0.409500E-06  0.201482E-03  0.164687E-05  0.197126E-04  0.135941E-05  0.821897E-05  0.714483E+00  0.000000E+00
0.104000E-04  0.199638E+04  0.363580E-03  0.101439E-04  0.789804E-05  0.189519E+00  0.187030E-04  0.523071E-03  0.105066E-03  0.263992E-06  0.460924E-07  0.126565E-02  0.934407E-01  0.273621E-04  0.178778E-07  0.434657E-06  0.211201E-03  0.170286E-05  0.210738E-04  0.142783E-05  0.872023E-05  0.714474E+00  0.000000E+00
0.106000E-04  0.199634E+04  0.374578E-03  0.103844E-04  0.806820E-05  0.189498E+00  0.192146E-04  0.543065E-03  0.107724E-03  0.277258E-06  0.484460E-07  0.129595E-02  0.933929E-01  0.293382E-04  0.198916E-07  0.461054E-06  0.221218E-03  0.176007E-05  0.225033E-04  0.149858E-05  0.924216E-05  0.714464E+00  0.000000E+00
0.108000E-04  0.199630E+04  0.385827E-03  0.106327E-04  0.824114E-05  0.189476E+00  0.197389E-04  0.563627E-03  0.110400E-03  0.291050E-06  0.508979E-07  0.132653E-02  0.933443E-01  0.314294E-04  0.221001E-07  0.488741E-06  0.231538E-03  0.181853E-05  0.240033E-04  0.157172E-05  0.978527E-05  0.714454E+00  0.000000E+00
0.110000E-04  0.199626E+04  0.397334E-03  0.108889E-04  0.841692E-05  0.189453E+00  0.202761E-04  0.584774E-03  0.113092E-03  0.305387E-06  0.534515E-07  0.135738E-02  0.932948E-01  0.336411E-04  0.245192E-07  0.517771E-06  0.242166E-03  0.187826E-05  0.255762E-04  0.164731E-05  0.103501E-04  0.714444E+00  0.000000E+00
0.112000E-04  0.199622E+04  0.409108E-03  0.111532E-04  0.859560E-05  0.189429E+00  0.208265E-04  0.606520E-03  0.115800E-03  0.320286E-06  0.561108E-07  0.138851E-02  0.932442E-01  0.359790E-04  0.271661E-07  0.548198E-06  0.253107E-03  0.193928E-05  0.272245E-04  0.172541E-05  0.109370E-04  0.714434E+00  0.000000E+00
0.114000E-04  0.199619E+04  0.421157E-03  0.114259E-04  0.877725E-05  0.189405E+00  0.213904E-04  0.628882E-03  0.118526E-03  0.335767E-06  0.588794E-07  0.141993E-02  0.931928E-01  0.384489E-04  0.300591E-07  0.580077E-06  0.264365E-03  0.200161E-05  0.289508E-04  0.180608E-05  0.115467E-04  0.714424E+00  0.000000E+00
0.116000E-04  0.199615E+04  0.433489E-03  0.117072E-04  0.896192E-05  0.189381E+00  0.219682E-04  0.651875E-03  0.121267E-03  0.351850E-06  0.617615E-07  0.145163E-02  0.931403E-01  0.410571E-04  0.332179E-07  0.613466E-06  0.275946E-03  0.206528E-05  0.307576E-04  0.188938E-05  0.121797E-04  0.714413E+00  0.000000E+00
0.118000E-04  0.199612E+04  0.446113E-03  0.119973E-04  0.914967E-05  0.189356E+00  0.225600E-04  0.675516E-03  0.124025E-03  0.368556E-06  0.647612E-07  0.148361E-02  0.930868E-01  0.438099E-04  0.366635E-07  0.648426E-06  0.287855E-03  0.213031E-05  0.326475E-04  0.197538E-05  0.128364E-04  0.714402E+00  0.000000E+00
0.120000E-04  0.199609E+04  0.459037E-03  0.122965E-04  0.934058E-05  0.189330E+00  0.231662E-04  0.699823E-03  0.126800E-03  0.385905E-06  0.678827E-07  0.151589E-02  0.930323E-01  0.467139E-04  0.404183E-07  0.685018E-06  0.300097E-03  0.219672E-05  0.346234E-04  0.206414E-05  0.135174E-04  0.714391E+00  0.000000E+00
0.122000E-04  0.199606E+04  0.472272E-03  0.126050E-04  0.953471E-05  0.189303E+00  0.237872E-04  0.724812E-03  0.129590E-03  0.403920E-06  0.711305E-07  0.154847E-02  0.929768E-01  0.497760E-04  0.445062E-07  0.723305E-06  0.312675E-03  0.226453E-05  0.366879E-04  0.215572E-05  0.142233E-04  0.714380E+00  0.000000E+00
0.124000E-04  0.199604E+04  0.485826E-03  0.129231E-04  0.973212E-05  0.189276E+00  0.244232E-04  0.750501E-03  0.132397E-03  0.422623E-06  0.745093E-07  0.158134E-02  0.929201E-01  0.530033E-04  0.489527E-07  0.763356E-06  0.325596E-03  0.233378E-05  0.388439E-04  0.225019E-05  0.149546E-04  0.714368E+00  0.000000E+00
0.126000E-04  0.199602E+04  0.499709E-03  0.132512E-04  0.993289E-05  0.189248E+00  0.250746E-04  0.776909E-03  0.135221E-03  0.442038E-06  0.780237E-07  0.161452E-02  0.928624E-01  0.564032E-04  0.537851E-07  0.805237E-06  0.338865E-03  0.240449E-05  0.410944E-04  0.234763E-05  0.157119E-04  0.714357E+00  0.000000E+00
0.128000E-04  0.199600E+04  0.513930E-03  0.135893E-04  0.101371E-04  0.189219E+00  0.257417E-04  0.804054E-03  0.138061E-03  0.462189E-06  0.816786E-07  0.164800E-02  0.928035E-01  0.599836E-04  0.590325E-07  0.849020E-06  0.352485E-03  0.247667E-05  0.434423E-04  0.244810E-05  0.164958E-04  0.714345E+00  0.000000E+00
0.130000E-04  0.199598E+04  0.528501E-03  0.139379E-04  0.103448E-04  0.189190E+00  0.264248E-04  0.831956E-03  0.140918E-03  0.483101E-06  0.854792E-07  0.168180E-02  0.927435E-01  0.637522E-04  0.647258E-07  0.894778E-06  0.366463E-03  0.255037E-05  0.458908E-04  0.255168E-05  0.173067E-04  0.714333E+00  0.000000E+00
0.132000E-04  0.199597E+04  0.543431E-03  0.142973E-04  0.105561E-04  0.189160E+00  0.271244E-04  0.860634E-03  0.143792E-03  0.504800E-06  0.894308E-07  0.171590E-02  0.926822E-01  0.677176E-04  0.708980E-07  0.942587E-06  0.380803E-03  0.262559E-05  0.484430E-04  0.265844E-05  0.181454E-04  0.714320E+00  0.000000E+00
0.134000E-04  0.199595E+04  0.558731E-03  0.146677E-04  0.107710E-04  0.189129E+00  0.278409E-04  0.890109E-03  0.146683E-03  0.527313E-06  0.935387E-07  0.175033E-02  0.926198E-01  0.718883E-04  0.775842E-07  0.992526E-06  0.395510E-03  0.270239E-05  0.511020E-04  0.276846E-05  0.190123E-04  0.714308E+00  0.000000E+00
0.136000E-04  0.199595E+04  0.574412E-03  0.150495E-04  0.109896E-04  0.189097E+00  0.285744E-04  0.920401E-03  0.149592E-03  0.550667E-06  0.978087E-07  0.178507E-02  0.925562E-01  0.762734E-04  0.848220E-07  0.104467E-05  0.410590E-03  0.278077E-05  0.538713E-04  0.288181E-05  0.199081E-04  0.714295E+00  0.000000E+00
0.138000E-04  0.199594E+04  0.590485E-03  0.154430E-04  0.112121E-04  0.189064E+00  0.293256E-04  0.951531E-03  0.152518E-03  0.574890E-06  0.102247E-06  0.182014E-02  0.924913E-01  0.808820E-04  0.926512E-07  0.109912E-05  0.426046E-03  0.286077E-05  0.567542E-04  0.299857E-05  0.208334E-04  0.714281E+00  0.000000E+00
0.140000E-04  0.199594E+04  0.606962E-03  0.158485E-04  0.114385E-04  0.189031E+00  0.300948E-04  0.983521E-03  0.155463E-03  0.600014E-06  0.106859E-06  0.185553E-02  0.924251E-01  0.857238E-04  0.101114E-06  0.115594E-05  0.441885E-03  0.294243E-05  0.597543E-04  0.311882E-05  0.217887E-04  0.714268E+00  0.000000E+00
0.142000E-04  0.199594E+04  0.623855E-03  0.162664E-04  0.116688E-04  0.188997E+00  0.308823E-04  0.101639E-02  0.158425E-03  0.626067E-06  0.111651E-06  0.189125E-02  0.923576E-01  0.908090E-04  0.110256E-06  0.121524E-05  0.458110E-03  0.302576E-05  0.628750E-04  0.324265E-05  0.227747E-04  0.714254E+00  0.000000E+00
0.144000E-04  0.199594E+04  0.641176E-03  0.166970E-04  0.119032E-04  0.188961E+00  0.316887E-04  0.105017E-02  0.161407E-03  0.653082E-06  0.116630E-06  0.192731E-02  0.922887E-01  0.961479E-04  0.120125E-06  0.127709E-05  0.474727E-03  0.311080E-05  0.661200E-04  0.337014E-05  0.237919E-04  0.714240E+00  0.000000E+00
0.146000E-04  0.199595E+04  0.658938E-03  0.171407E-04  0.121417E-04  0.188925E+00  0.325143E-04  0.108488E-02  0.164408E-03  0.681091E-06  0.121802E-06  0.196370E-02  0.922185E-01  0.101751E-03  0.130771E-06  0.134161E-05  0.491742E-03  0.319759E-05  0.694932E-04  0.350137E-05  0.248410E-04  0.714226E+00  0.000000E+00
0.148000E-04  0.199596E+04  0.677153E-03  0.175980E-04  0.123845E-04  0.188888E+00  0.333597E-04  0.112054E-02  0.167428E-03  0.710129E-06  0.127175E-06  0.200044E-02  0.921468E-01  0.107630E-03  0.142250E-06  0.140888E-05  0.509158E-03  0.328615E-05  0.729982E-04  0.363644E-05  0.259227E-04  0.714211E+00  0.000000E+00
0.150000E-04  0.199597E+04  0.695835E-03  0.180691E-04  0.126317E-04  0.188850E+00  0.342252E-04  0.115718E-02  0.170469E-03  0.740230E-06  0.132755E-06  0.203751E-02  0.920738E-01  0.113797E-03  0.154619E-06  0.147902E-05  0.526981E-03  0.337653E-05  0.766391E-04  0.377542E-05  0.270374E-04  0.714196E+00  0.000000E+00
0.152000E-04  0.199599E+04  0.714997E-03  0.185545E-04  0.128832E-04  0.188811E+00  0.351114E-04  0.119482E-02  0.173530E-03  0.771430E-06  0.138551E-06  0.207494E-02  0.919993E-01  0.120262E-03  0.167939E-06  0.155212E-05  0.545215E-03  0.346875E-05  0.804200E-04  0.391842E-05  0.281858E-04  0.714181E+00  0.000000E+00
0.154000E-04  0.199601E+04  0.734654E-03  0.190546E-04  0.131393E-04  0.188771E+00  0.360188E-04  0.123350E-02  0.176612E-03  0.803768E-06  0.144570E-06  0.211271E-02  0.919232E-01  0.127040E-03  0.182275E-06  0.162829E-05  0.563866E-03  0.356285E-05  0.843448E-04  0.406553E-05  0.293685E-04  0.714165E+00  0.000000E+00
0.156000E-04  0.199604E+04  0.754819E-03  0.195698E-04  0.134001E-04  0.188730E+00  0.369478E-04  0.127323E-02  0.179717E-03  0.837281E-06  0.150819E-06  0.215084E-02  0.918457E-01  0.134143E-03  0.197697E-06  0.170766E-05  0.582938E-03  0.365887E-05  0.884180E-04  0.421683E-05  0.305862E-04  0.714149E+00  0.000000E+00
0.158000E-04  0.199607E+04  0.775508E-03  0.201007E-04  0.136655E-04  0.188688E+00  0.378991E-04  0.131404E-02  0.182843E-03  0.872010E-06  0.157308E-06  0.218932E-02  0.917666E-01  0.141584E-03  0.214277E-06  0.179033E-05  0.602436E-03  0.375684E-05  0.926438E-04  0.437243E-05  0.318395E-04  0.714132E+00  0.000000E+00
0.160000E-04  0.199611E+04  0.796736E-03  0.206475E-04  0.139358E-04  0.188645E+00  0.388730E-04  0.135597E-02  0.185993E-03  0.907996E-06  0.164045E-06  0.222816E-02  0.916858E-01  0.149377E-03  0.232095E-06  0.187642E-05  0.622365E-03  0.385680E-05  0.970267E-04  0.453243E-05  0.331289E-04  0.714115E+00  0.000000E+00
0.162000E-04  0.199614E+04  0.818518E-03  0.212109E-04  0.142111E-04  0.188601E+00  0.398703E-04  0.139903E-02  0.189167E-03  0.945282E-06  0.171039E-06  0.226736E-02  0.916035E-01  0.157537E-03  0.251232E-06  0.196606E-05  0.642730E-03  0.395880E-05  0.101571E-03  0.469691E-05  0.344552E-04  0.714098E+00  0.000000E+00
0.164000E-04  0.199619E+04  0.840870E-03  0.217913E-04  0.144914E-04  0.188555E+00  0.408914E-04  0.144327E-02  0.192365E-03  0.983914E-06  0.178298E-06  0.230693E-02  0.915195E-01  0.166078E-03  0.271777E-06  0.205938E-05  0.663535E-03  0.406287E-05  0.106282E-03  0.486600E-05  0.358188E-04  0.714081E+00  0.000000E+00
0.166000E-04  0.199624E+04  0.863810E-03  0.223892E-04  0.147769E-04  0.188509E+00  0.419370E-04  0.148871E-02  0.195589E-03  0.102394E-05  0.185834E-06  0.234687E-02  0.914338E-01  0.175017E-03  0.293822E-06  0.215652E-05  0.684786E-03  0.416906E-05  0.111164E-03  0.503978E-05  0.372204E-04  0.714063E+00  0.000000E+00
0.168000E-04  0.199629E+04  0.887353E-03  0.230051E-04  0.150677E-04  0.188461E+00  0.430077E-04  0.153539E-02  0.198839E-03  0.106540E-05  0.193655E-06  0.238718E-02  0.913463E-01  0.184369E-03  0.317468E-06  0.225760E-05  0.706486E-03  0.427741E-05  0.116222E-03  0.521837E-05  0.386607E-04  0.714044E+00  0.000000E+00
0.170000E-04  0.199635E+04  0.911517E-03  0.236396E-04  0.153639E-04  0.188412E+00  0.441041E-04  0.158333E-02  0.202116E-03  0.110835E-05  0.201772E-06  0.242786E-02  0.912571E-01  0.194152E-03  0.342819E-06  0.236278E-05  0.728641E-03  0.438796E-05  0.121461E-03  0.540187E-05  0.401401E-04  0.714025E+00  0.000000E+00
0.172000E-04  0.199641E+04  0.936320E-03  0.242932E-04  0.156657E-04  0.188361E+00  0.452268E-04  0.163257E-02  0.205420E-03  0.115283E-05  0.210196E-06  0.246892E-02  0.911660E-01  0.204382E-03  0.369987E-06  0.247219E-05  0.751255E-03  0.450075E-05  0.126886E-03  0.559040E-05  0.416594E-04  0.714006E+00  0.000000E+00
0.174000E-04  0.199648E+04  0.961781E-03  0.249665E-04  0.159731E-04  0.188310E+00  0.463766E-04  0.168314E-02  0.208753E-03  0.119891E-05  0.218938E-06  0.251036E-02  0.910731E-01  0.215077E-03  0.399090E-06  0.258599E-05  0.774333E-03  0.461584E-05  0.132503E-03  0.578405E-05  0.432190E-04  0.713986E+00  0.000000E+00
0.176000E-04  0.199655E+04  0.987918E-03  0.256600E-04  0.162863E-04  0.188257E+00  0.475541E-04  0.173509E-02  0.212116E-03  0.124664E-05  0.228008E-06  0.255218E-02  0.909783E-01  0.226257E-03  0.430253E-06  0.270434E-05  0.797879E-03  0.473327E-05  0.138317E-03  0.598295E-05  0.448195E-04  0.713966E+00  0.000000E+00
0.178000E-04  0.199663E+04  0.101475E-02  0.263745E-04  0.166054E-04  0.188202E+00  0.487599E-04  0.178843E-02  0.215509E-03  0.129607E-05  0.237420E-06  0.259439E-02  0.908816E-01  0.237939E-03  0.463609E-06  0.282740E-05  0.821897E-03  0.485309E-05  0.144333E-03  0.618721E-05  0.464616E-04  0.713945E+00  0.000000E+00
0.180000E-04  0.199672E+04  0.104230E-02  0.271104E-04  0.169306E-04  0.188147E+00  0.499950E-04  0.184323E-02  0.218934E-03  0.134726E-05  0.247185E-06  0.263699E-02  0.907829E-01  0.250145E-03  0.499301E-06  0.295533E-05  0.846393E-03  0.497535E-05  0.150557E-03  0.639695E-05  0.481457E-04  0.713923E+00  0.000000E+00
0.182000E-04  0.199681E+04  0.107058E-02  0.278685E-04  0.172620E-04  0.188089E+00  0.512599E-04  0.189950E-02  0.222391E-03  0.140028E-05  0.257317E-06  0.267997E-02  0.906821E-01  0.262896E-03  0.537476E-06  0.308831E-05  0.871369E-03  0.510010E-05  0.156996E-03  0.661228E-05  0.498723E-04  0.713902E+00  0.000000E+00
0.184000E-04  0.199691E+04  0.109963E-02  0.286494E-04  0.175998E-04  0.188031E+00  0.525555E-04  0.195729E-02  0.225882E-03  0.145518E-05  0.267828E-06  0.272335E-02  0.905793E-01  0.276211E-03  0.578296E-06  0.322652E-05  0.896832E-03  0.522740E-05  0.163654E-03  0.683332E-05  0.516421E-04  0.713879E+00  0.000000E+00
0.186000E-04  0.199701E+04  0.112945E-02  0.294538E-04  0.179441E-04  0.187970E+00  0.538827E-04  0.201665E-02  0.229407E-03  0.151203E-05  0.278732E-06  0.276713E-02  0.904744E-01  0.290115E-03  0.621926E-06  0.337013E-05  0.922784E-03  0.535729E-05  0.170538E-03  0.706021E-05  0.534554E-04  0.713856E+00  0.000000E+00
0.188000E-04  0.199713E+04  0.116007E-02  0.302824E-04  0.182951E-04  0.187908E+00  0.552421E-04  0.207760E-02  0.232968E-03  0.157090E-05  0.290043E-06  0.281130E-02  0.903673E-01  0.304629E-03  0.668547E-06  0.351935E-05  0.949230E-03  0.548983E-05  0.177655E-03  0.729305E-05  0.553128E-04  0.713833E+00  0.000000E+00
0.190000E-04  0.199724E+04  0.119152E-02  0.311360E-04  0.186528E-04  0.187845E+00  0.566347E-04  0.214021E-02  0.236565E-03  0.163187E-05  0.301777E-06  0.285587E-02  0.902581E-01  0.319778E-03  0.718348E-06  0.367436E-05  0.976173E-03  0.562507E-05  0.185010E-03  0.753197E-05  0.572148E-04  0.713809E+00  0.000000E+00
0.192000E-04  0.199737E+04  0.122381E-02  0.320153E-04  0.190176E-04  0.187780E+00  0.580613E-04  0.220450E-02  0.240200E-03  0.169499E-05  0.313948E-06  0.290085E-02  0.901465E-01  0.335586E-03  0.771528E-06  0.383537E-05  0.100362E-02  0.576308E-05  0.192610E-03  0.777711E-05  0.591616E-04  0.713784E+00  0.000000E+00
0.194000E-04  0.199750E+04  0.125698E-02  0.329210E-04  0.193895E-04  0.187713E+00  0.595228E-04  0.227053E-02  0.243874E-03  0.176035E-05  0.326573E-06  0.294623E-02  0.900327E-01  0.352079E-03  0.828302E-06  0.400259E-05  0.103157E-02  0.590391E-05  0.200463E-03  0.802859E-05  0.611539E-04  0.713759E+00  0.000000E+00
0.196000E-04  0.199764E+04  0.129104E-02  0.338540E-04  0.197687E-04  0.187645E+00  0.610203E-04  0.233834E-02  0.247588E-03  0.182803E-05  0.339667E-06  0.299202E-02  0.899165E-01  0.369284E-03  0.888893E-06  0.417624E-05  0.106003E-02  0.604762E-05  0.208574E-03  0.828654E-05  0.631918E-04  0.713733E+00  0.000000E+00
0.198000E-04  0.199779E+04  0.132603E-02  0.348152E-04  0.201555E-04  0.187574E+00  0.625545E-04  0.240798E-02  0.251342E-03  0.189810E-05  0.353248E-06  0.303821E-02  0.897979E-01  0.387228E-03  0.953543E-06  0.435653E-05  0.108900E-02  0.619427E-05  0.216951E-03  0.855109E-05  0.652759E-04  0.713706E+00  0.000000E+00
0.200000E-04  0.199795E+04  0.136196E-02  0.358053E-04  0.205499E-04  0.187502E+00  0.641266E-04  0.247950E-02  0.255139E-03  0.197065E-05  0.367334E-06  0.308482E-02  0.896769E-01  0.405940E-03  0.102250E-05  0.454369E-05  0.111849E-02  0.634392E-05  0.225601E-03  0.882238E-05  0.674064E-04  0.713678E+00  0.000000E+00
0.202000E-04  0.199812E+04  0.139887E-02  0.368253E-04  0.209522E-04  0.187428E+00  0.657375E-04  0.255296E-02  0.258980E-03  0.204577E-05  0.381942E-06  0.313184E-02  0.895533E-01  0.425449E-03  0.109604E-05  0.473798E-05  0.114850E-02  0.649663E-05  0.234532E-03  0.910054E-05  0.695835E-04  0.713650E+00  0.000000E+00
0.204000E-04  0.199829E+04  0.143678E-02  0.378760E-04  0.213626E-04  0.187352E+00  0.673883E-04  0.262839E-02  0.262865E-03  0.212354E-05  0.397092E-06  0.317928E-02  0.894272E-01  0.445785E-03  0.117445E-05  0.493962E-05  0.117904E-02  0.665247E-05  0.243750E-03  0.938570E-05  0.718075E-04  0.713622E+00  0.000000E+00
0.206000E-04  0.199847E+04  0.147572E-02  0.389585E-04  0.217812E-04  0.187274E+00  0.690801E-04  0.270587E-02  0.266795E-03  0.220407E-05  0.412803E-06  0.322713E-02  0.892985E-01  0.466981E-03  0.125801E-05  0.514887E-05  0.121010E-02  0.681150E-05  0.253264E-03  0.967801E-05  0.740787E-04  0.713592E+00  0.000000E+00
0.208000E-04  0.199867E+04  0.151573E-02  0.400736E-04  0.222083E-04  0.187194E+00  0.708139E-04  0.278544E-02  0.270773E-03  0.228744E-05  0.429097E-06  0.327540E-02  0.891671E-01  0.489068E-03  0.134707E-05  0.536599E-05  0.124168E-02  0.697379E-05  0.263082E-03  0.997759E-05  0.763972E-04  0.713562E+00  0.000000E+00
0.210000E-04  0.199887E+04  0.155682E-02  0.412224E-04  0.226441E-04  0.187112E+00  0.725909E-04  0.286716E-02  0.274798E-03  0.237375E-05  0.445993E-06  0.332409E-02  0.890329E-01  0.512082E-03  0.144195E-05  0.559126E-05  0.127380E-02  0.713940E-05  0.273212E-03  0.102846E-04  0.787630E-04  0.713531E+00  0.000000E+00
0.212000E-04  0.199908E+04  0.159904E-02  0.424060E-04  0.230888E-04  0.187028E+00  0.744123E-04  0.295109E-02  0.278873E-03  0.246312E-05  0.463514E-06  0.337320E-02  0.888960E-01  0.536057E-03  0.154301E-05  0.582494E-05  0.130646E-02  0.730839E-05  0.283662E-03  0.105992E-04  0.811763E-04  0.713499E+00  0.000000E+00
0.214000E-04  0.199931E+04  0.164241E-02  0.436253E-04  0.235426E-04  0.186941E+00  0.762793E-04  0.303729E-02  0.282997E-03  0.255565E-05  0.481682E-06  0.342273E-02  0.887561E-01  0.561029E-03  0.165063E-05  0.606732E-05  0.133965E-02  0.748084E-05  0.294440E-03  0.109215E-04  0.836371E-04  0.713466E+00  0.000000E+00
0.216000E-04  0.199954E+04  0.168697E-02  0.448815E-04  0.240058E-04  0.186852E+00  0.781932E-04  0.312582E-02  0.287174E-03  0.265144E-05  0.500522E-06  0.347268E-02  0.886134E-01  0.587036E-03  0.176523E-05  0.631871E-05  0.137338E-02  0.765681E-05  0.305555E-03  0.112516E-04  0.861452E-04  0.713432E+00  0.000000E+00
0.218000E-04  0.199978E+04  0.173274E-02  0.461757E-04  0.244785E-04  0.186761E+00  0.801552E-04  0.321675E-02  0.291403E-03  0.275062E-05  0.520056E-06  0.352306E-02  0.884677E-01  0.614117E-03  0.188721E-05  0.657939E-05  0.140765E-02  0.783636E-05  0.317017E-03  0.115897E-04  0.887006E-04  0.713398E+00  0.000000E+00
0.220000E-04  0.200004E+04  0.177977E-02  0.475091E-04  0.249611E-04  0.186668E+00  0.821666E-04  0.331015E-02  0.295685E-03  0.285330E-05  0.540312E-06  0.357387E-02  0.883189E-01  0.642312E-03  0.201705E-05  0.684969E-05  0.144246E-02  0.801958E-05  0.328834E-03  0.119359E-04  0.913032E-04  0.713362E+00  0.000000E+00
0.222000E-04  0.200031E+04  0.182809E-02  0.488830E-04  0.254538E-04  0.186572E+00  0.842289E-04  0.340608E-02  0.300023E-03  0.295961E-05  0.561314E-06  0.362510E-02  0.881670E-01  0.671664E-03  0.215521E-05  0.712992E-05  0.147781E-02  0.820652E-05  0.341015E-03  0.122905E-04  0.939526E-04  0.713326E+00  0.000000E+00
0.224000E-04  0.200059E+04  0.187774E-02  0.502985E-04  0.259568E-04  0.186473E+00  0.863433E-04  0.350461E-02  0.304416E-03  0.306968E-05  0.583089E-06  0.367676E-02  0.880119E-01  0.702215E-03  0.230220E-05  0.742042E-05  0.151371E-02  0.839726E-05  0.353570E-03  0.126534E-04  0.966485E-04  0.713288E+00  0.000000E+00
0.226000E-04  0.200088E+04  0.192875E-02  0.517570E-04  0.264705E-04  0.186372E+00  0.885115E-04  0.360582E-02  0.308866E-03  0.318364E-05  0.605667E-06  0.372884E-02  0.878536E-01  0.734010E-03  0.245857E-05  0.772152E-05  0.155016E-02  0.859185E-05  0.366509E-03  0.130249E-04  0.993906E-04  0.713250E+00  0.000000E+00
0.228000E-04  0.200119E+04  0.198116E-02  0.532598E-04  0.269951E-04  0.186268E+00  0.907347E-04  0.370977E-02  0.313374E-03  0.330163E-05  0.629076E-06  0.378136E-02  0.876919E-01  0.767096E-03  0.262488E-05  0.803358E-05  0.158715E-02  0.879038E-05  0.379841E-03  0.134052E-04  0.102178E-03  0.713210E+00  0.000000E+00
0.230000E-04  0.200151E+04  0.203501E-02  0.548083E-04  0.275308E-04  0.186162E+00  0.930146E-04  0.381656E-02  0.317941E-03  0.342379E-05  0.653346E-06  0.383430E-02  0.875269E-01  0.801519E-03  0.280174E-05  0.835697E-05  0.162469E-02  0.899291E-05  0.393577E-03  0.137942E-04  0.105011E-03  0.713169E+00  0.000000E+00
0.232000E-04  0.200184E+04  0.209034E-02  0.564039E-04  0.280780E-04  0.186052E+00  0.953528E-04  0.392625E-02  0.322568E-03  0.355028E-05  0.678508E-06  0.388767E-02  0.873583E-01  0.837331E-03  0.298978E-05  0.869204E-05  0.166278E-02  0.919950E-05  0.407727E-03  0.141923E-04  0.107889E-03  0.713128E+00  0.000000E+00
0.234000E-04  0.200219E+04  0.214719E-02  0.580481E-04  0.286371E-04  0.185940E+00  0.977507E-04  0.403893E-02  0.327256E-03  0.368124E-05  0.704595E-06  0.394147E-02  0.871862E-01  0.874581E-03  0.318969E-05  0.903919E-05  0.170141E-02  0.941022E-05  0.422302E-03  0.145996E-04  0.110810E-03  0.713085E+00  0.000000E+00
0.236000E-04  0.200255E+04  0.220561E-02  0.597424E-04  0.292082E-04  0.185825E+00  0.100210E-03  0.415468E-02  0.332006E-03  0.381683E-05  0.731640E-06  0.399570E-02  0.870105E-01  0.913324E-03  0.340219E-05  0.939881E-05  0.174058E-02  0.962513E-05  0.437313E-03  0.150161E-04  0.113773E-03  0.713041E+00  0.000000E+00
0.238000E-04  0.200293E+04  0.226564E-02  0.614884E-04  0.297917E-04  0.185706E+00  0.102733E-03  0.427358E-02  0.336818E-03  0.395723E-05  0.759678E-06  0.405037E-02  0.868310E-01  0.953613E-03  0.362802E-05  0.977129E-05  0.178030E-02  0.984431E-05  0.452771E-03  0.154421E-04  0.116779E-03  0.712996E+00  0.000000E+00
0.240000E-04  0.200332E+04  0.232732E-02  0.632877E-04  0.303880E-04  0.185585E+00  0.105321E-03  0.439574E-02  0.341693E-03  0.410261E-05  0.788745E-06  0.410546E-02  0.866478E-01  0.995506E-03  0.386801E-05  0.101571E-04  0.182056E-02  0.100678E-04  0.468686E-03  0.158776E-04  0.119826E-03  0.712949E+00  0.000000E+00
0.242000E-04  0.200373E+04  0.239071E-02  0.651420E-04  0.309975E-04  0.185460E+00  0.107975E-03  0.452123E-02  0.346632E-03  0.425314E-05  0.818878E-06  0.416097E-02  0.864606E-01  0.103906E-02  0.412300E-05  0.105565E-04  0.186136E-02  0.102957E-04  0.485071E-03  0.163228E-04  0.122912E-03  0.712901E+00  0.000000E+00
0.244000E-04  0.200416E+04  0.245583E-02  0.670530E-04  0.316204E-04  0.185332E+00  0.110698E-03  0.465015E-02  0.351636E-03  0.440900E-05  0.850116E-06  0.421692E-02  0.862695E-01  0.108434E-02  0.439389E-05  0.109702E-04  0.190270E-02  0.105280E-04  0.501938E-03  0.167779E-04  0.126037E-03  0.712852E+00  0.000000E+00
