 T(SEC)      TMP(K)       H2         H          O          O2         OH         H2O        HO2        H2O2       CH2        CH2(S)     CH3        CH4        CO         CO2        HCO        CH2O       CH3O       C2H2       C2H3       C2H4       C2H5       C2H6       N2         AR        
 0.00000E+00 0.20000E+04 0.00000E+00 0.00000E+00 0.00000E+00 0.19011E+00 0.00000E+00 0.00000E+00 0.00000E+00 0.00000E+00 0.00000E+00 0.00000E+00 0.00000E+00 0.95057E-01 0.00000E+00 0.00000E+00 0.00000E+00 0.00000E+00 0.00000E+00 0.00000E+00 0.00000E+00 0.00000E+00 0.00000E+00 0.00000E+00 0.71483E+00 0.00000E+00
 0.20000E-06 0.19999E+04 0.25795E-05 0.36830E-05 0.80368E-06 0.19011E+00 0.11563E-05 0.44524E-06 0.12037E-05 0.59485E-08 0.73828E-10 0.28388E-10 0.12053E-04 0.95044E-01 0.95857E-10 0.22688E-15 0.26718E-10 0.21485E-07 0.80812E-08 0.48129E-15 0.88775E-16 0.72435E-11 0.31280E-10 0.21736E-10 0.71482E+00 0.00000E+00
 0.40000E-06 0.19998E+04 0.71927E-05 0.44237E-05 0.15412E-05 0.19011E+00 0.27747E-05 0.24621E-05 0.24162E-05 0.18490E-07 0.51327E-09 0.14510E-09 0.28695E-04 0.95027E-01 0.12299E-08 0.89169E-14 0.25660E-09 0.11745E-06 0.21939E-07 0.18116E-13 0.37261E-14 0.13430E-09 0.28984E-09 0.23772E-09 0.71482E+00 0.00000E+00
 0.60000E-06 0.19997E+04 0.12226E-04 0.45913E-05 0.19011E-05 0.19010E+00 0.38839E-05 0.58772E-05 0.36451E-05 0.33660E-07 0.13544E-08 0.33165E-09 0.47698E-04 0.95007E-01 0.50949E-08 0.62096E-13 0.78949E-09 0.31179E-06 0.38361E-07 0.15141E-12 0.29732E-13 0.72898E-09 0.10295E-08 0.97862E-09 0.71481E+00 0.00000E+00
 0.80000E-06 0.19997E+04 0.17367E-04 0.46497E-05 0.20821E-05 0.19009E+00 0.45348E-05 0.10168E-04 0.48945E-05 0.50021E-07 0.24395E-08 0.55189E-09 0.67874E-04 0.94986E-01 0.13101E-07 0.21983E-12 0.15605E-08 0.61643E-06 0.56195E-07 0.67200E-12 0.12076E-12 0.23581E-08 0.24369E-08 0.26488E-08 0.71481E+00 0.00000E+00
 0.10000E-05 0.19996E+04 0.22556E-04 0.46888E-05 0.21986E-05 0.19009E+00 0.49270E-05 0.14975E-04 0.61657E-05 0.67062E-07 0.36546E-08 0.78810E-09 0.88659E-04 0.94964E-01 0.26138E-07 0.55512E-12 0.24935E-08 0.10378E-05 0.74883E-07 0.20981E-11 0.34153E-12 0.57295E-08 0.46195E-08 0.56735E-08 0.71480E+00 0.00000E+00
 0.12000E-05 0.19995E+04 0.27786E-04 0.47263E-05 0.22950E-05 0.19008E+00 0.51980E-05 0.20113E-04 0.74592E-05 0.84598E-07 0.49631E-08 0.10369E-08 0.10980E-03 0.94941E-01 0.44828E-07 0.11547E-11 0.35590E-08 0.15801E-05 0.94180E-07 0.52406E-11 0.77437E-12 0.11628E-07 0.76336E-08 0.10478E-07 0.71480E+00 0.00000E+00
 0.14000E-05 0.19994E+04 0.33056E-04 0.47653E-05 0.23860E-05 0.19008E+00 0.54190E-05 0.25499E-04 0.87748E-05 0.10256E-06 0.63672E-08 0.13000E-08 0.13121E-03 0.94918E-01 0.69754E-07 0.21238E-11 0.47591E-08 0.22465E-05 0.11399E-06 0.11230E-10 0.15167E-11 0.20879E-07 0.11512E-07 0.17482E-07 0.71479E+00 0.00000E+00
 0.16000E-05 0.19993E+04 0.38368E-04 0.48065E-05 0.24765E-05 0.19007E+00 0.56225E-05 0.31103E-04 0.10112E-04 0.12094E-06 0.78792E-08 0.15802E-08 0.15283E-03 0.94895E-01 0.10155E-06 0.35915E-11 0.61073E-08 0.30398E-05 0.13428E-06 0.21535E-10 0.26803E-11 0.34334E-07 0.16279E-07 0.27101E-07 0.71479E+00 0.00000E+00
 0.18000E-05 0.19993E+04 0.43724E-04 0.48500E-05 0.25677E-05 0.19006E+00 0.58222E-05 0.36914E-04 0.11470E-04 0.13970E-06 0.95110E-08 0.18797E-08 0.17465E-03 0.94871E-01 0.14093E-06 0.57138E-11 0.76186E-08 0.39628E-05 0.15504E-06 0.37976E-10 0.43916E-11 0.52868E-07 0.21956E-07 0.39746E-07 0.71478E+00 0.00000E+00
 0.20000E-05 0.19992E+04 0.49128E-04 0.48961E-05 0.26601E-05 0.19006E+00 0.60238E-05 0.42932E-04 0.12850E-04 0.15886E-06 0.11272E-07 0.22001E-08 0.19668E-03 0.94847E-01 0.18867E-06 0.86779E-11 0.93071E-08 0.50182E-05 0.17628E-06 0.62742E-10 0.67922E-11 0.77376E-07 0.28568E-07 0.55829E-07 0.71477E+00 0.00000E+00
 0.22000E-05 0.19991E+04 0.54581E-04 0.49447E-05 0.27538E-05 0.19005E+00 0.62295E-05 0.49162E-04 0.14249E-04 0.17840E-06 0.13170E-07 0.25428E-08 0.21891E-03 0.94823E-01 0.24561E-06 0.12706E-10 0.11186E-07 0.62087E-05 0.19801E-06 0.98404E-10 0.10040E-10 0.10878E-06 0.36137E-07 0.75758E-07 0.71477E+00 0.00000E+00
 0.24000E-05 0.19990E+04 0.60086E-04 0.49958E-05 0.28489E-05 0.19004E+00 0.64403E-05 0.55608E-04 0.15668E-04 0.19832E-06 0.15212E-07 0.29089E-08 0.24134E-03 0.94798E-01 0.31262E-06 0.18060E-10 0.13267E-07 0.75372E-05 0.22024E-06 0.14793E-09 0.14310E-10 0.14801E-06 0.44691E-07 0.99941E-07 0.71476E+00 0.00000E+00
 0.26000E-05 0.19989E+04 0.65646E-04 0.50497E-05 0.29454E-05 0.19004E+00 0.66566E-05 0.62275E-04 0.17105E-04 0.21862E-06 0.17402E-07 0.32995E-08 0.26398E-03 0.94773E-01 0.39067E-06 0.25044E-10 0.15564E-07 0.90065E-05 0.24299E-06 0.21470E-09 0.19796E-10 0.19605E-06 0.54254E-07 0.12879E-06 0.71476E+00 0.00000E+00
 0.28000E-05 0.19989E+04 0.71265E-04 0.51064E-05 0.30434E-05 0.19003E+00 0.68786E-05 0.69171E-04 0.18562E-04 0.23929E-06 0.19749E-07 0.37157E-08 0.28683E-03 0.94747E-01 0.48074E-06 0.34013E-10 0.18088E-07 0.10619E-04 0.26626E-06 0.30254E-09 0.26712E-10 0.25388E-06 0.64855E-07 0.16271E-06 0.71475E+00 0.00000E+00
 0.30000E-05 0.19988E+04 0.76944E-04 0.51659E-05 0.31429E-05 0.19002E+00 0.71065E-05 0.76300E-04 0.20036E-04 0.26033E-06 0.22257E-07 0.41586E-08 0.30989E-03 0.94721E-01 0.58388E-06 0.45374E-10 0.20854E-07 0.12379E-04 0.29008E-06 0.41571E-09 0.35292E-10 0.32253E-06 0.76521E-07 0.20211E-06 0.71474E+00 0.00000E+00
 0.32000E-05 0.19987E+04 0.82687E-04 0.52283E-05 0.32438E-05 0.19001E+00 0.73405E-05 0.83671E-04 0.21528E-04 0.28174E-06 0.24933E-07 0.46295E-08 0.33317E-03 0.94695E-01 0.70120E-06 0.59592E-10 0.23875E-07 0.14289E-04 0.31444E-06 0.55895E-09 0.45795E-10 0.40303E-06 0.89283E-07 0.24740E-06 0.71474E+00 0.00000E+00
 0.34000E-05 0.19986E+04 0.88497E-04 0.52937E-05 0.33463E-05 0.19001E+00 0.75807E-05 0.91289E-04 0.23037E-04 0.30351E-06 0.27783E-07 0.51294E-08 0.35667E-03 0.94668E-01 0.83386E-06 0.77202E-10 0.27165E-07 0.16351E-04 0.33937E-06 0.73749E-09 0.58503E-10 0.49648E-06 0.10317E-06 0.29901E-06 0.71473E+00 0.00000E+00
 0.36000E-05 0.19985E+04 0.94377E-04 0.53623E-05 0.34503E-05 0.19000E+00 0.78272E-05 0.99161E-04 0.24563E-04 0.32564E-06 0.30814E-07 0.56596E-08 0.38039E-03 0.94641E-01 0.98310E-06 0.98806E-10 0.30739E-07 0.18569E-04 0.36488E-06 0.95709E-09 0.73724E-10 0.60396E-06 0.11821E-06 0.35733E-06 0.71473E+00 0.00000E+00
 0.38000E-05 0.19985E+04 0.10033E-03 0.54341E-05 0.35560E-05 0.18999E+00 0.80802E-05 0.10729E-03 0.26105E-04 0.34813E-06 0.34033E-07 0.62214E-08 0.40433E-03 0.94613E-01 0.11502E-05 0.12509E-09 0.34612E-07 0.20946E-04 0.39097E-06 0.12240E-08 0.91796E-10 0.72661E-06 0.13444E-06 0.42280E-06 0.71472E+00 0.00000E+00
 0.40000E-05 0.19984E+04 0.10636E-03 0.55091E-05 0.36633E-05 0.18998E+00 0.83397E-05 0.11570E-03 0.27662E-04 0.37097E-06 0.37447E-07 0.68161E-08 0.42851E-03 0.94585E-01 0.13365E-05 0.15682E-09 0.38802E-07 0.23485E-04 0.41767E-06 0.15451E-08 0.11308E-09 0.86560E-06 0.15189E-06 0.49582E-06 0.71471E+00 0.00000E+00
 0.42000E-05 0.19983E+04 0.11247E-03 0.55876E-05 0.37723E-05 0.18997E+00 0.86060E-05 0.12437E-03 0.29235E-04 0.39416E-06 0.41063E-07 0.74450E-08 0.45291E-03 0.94556E-01 0.15435E-05 0.19485E-09 0.43323E-07 0.26190E-04 0.44499E-06 0.19279E-08 0.13799E-09 0.10221E-05 0.17059E-06 0.57684E-06 0.71471E+00 0.00000E+00
 0.44000E-05 0.19982E+04 0.11866E-03 0.56695E-05 0.38829E-05 0.18996E+00 0.88791E-05 0.13333E-03 0.30823E-04 0.41770E-06 0.44889E-07 0.81096E-08 0.47755E-03 0.94527E-01 0.17726E-05 0.24017E-09 0.48195E-07 0.29064E-04 0.47293E-06 0.23803E-08 0.16695E-09 0.11974E-05 0.19058E-06 0.66626E-06 0.71470E+00 0.00000E+00
 0.46000E-05 0.19982E+04 0.12495E-03 0.57550E-05 0.39953E-05 0.18995E+00 0.91592E-05 0.14258E-03 0.32424E-04 0.44158E-06 0.48933E-07 0.88114E-08 0.50243E-03 0.94497E-01 0.20254E-05 0.29384E-09 0.53435E-07 0.32109E-04 0.50151E-06 0.29111E-08 0.20042E-09 0.13927E-05 0.21189E-06 0.76453E-06 0.71469E+00 0.00000E+00
 0.48000E-05 0.19981E+04 0.13132E-03 0.58442E-05 0.41095E-05 0.18994E+00 0.94464E-05 0.15213E-03 0.34040E-04 0.46580E-06 0.53202E-07 0.95518E-08 0.52755E-03 0.94467E-01 0.23035E-05 0.35706E-09 0.59062E-07 0.35331E-04 0.53075E-06 0.35297E-08 0.23892E-09 0.16093E-05 0.23457E-06 0.87208E-06 0.71469E+00 0.00000E+00
 0.50000E-05 0.19980E+04 0.13779E-03 0.59373E-05 0.42255E-05 0.18993E+00 0.97410E-05 0.16199E-03 0.35670E-04 0.49036E-06 0.57705E-07 0.10332E-07 0.55292E-03 0.94436E-01 0.26087E-05 0.43117E-09 0.65095E-07 0.38731E-04 0.56066E-06 0.42461E-08 0.28300E-09 0.18486E-05 0.25863E-06 0.98935E-06 0.71468E+00 0.00000E+00
 0.52000E-05 0.19979E+04 0.14435E-03 0.60342E-05 0.43433E-05 0.18992E+00 0.10043E-04 0.17216E-03 0.37312E-04 0.51526E-06 0.62452E-07 0.11155E-07 0.57853E-03 0.94405E-01 0.29428E-05 0.51764E-09 0.71555E-07 0.42314E-04 0.59124E-06 0.50711E-08 0.33326E-09 0.21119E-05 0.28414E-06 0.11168E-05 0.71467E+00 0.00000E+00
 0.54000E-05 0.19979E+04 0.15102E-03 0.61351E-05 0.44630E-05 0.18991E+00 0.10353E-04 0.18266E-03 0.38967E-04 0.54048E-06 0.67450E-07 0.12021E-07 0.60439E-03 0.94373E-01 0.33077E-05 0.61809E-09 0.78464E-07 0.46084E-04 0.62252E-06 0.60164E-08 0.39033E-09 0.24006E-05 0.31112E-06 0.12548E-05 0.71467E+00 0.00000E+00
 0.56000E-05 0.19978E+04 0.15780E-03 0.62402E-05 0.45846E-05 0.18990E+00 0.10670E-04 0.19348E-03 0.40635E-04 0.56604E-06 0.72709E-07 0.12932E-07 0.63051E-03 0.94341E-01 0.37054E-05 0.73433E-09 0.85843E-07 0.50042E-04 0.65451E-06 0.70944E-08 0.45491E-09 0.27162E-05 0.33961E-06 0.14040E-05 0.71466E+00 0.00000E+00
 0.58000E-05 0.19977E+04 0.16469E-03 0.63496E-05 0.47082E-05 0.18988E+00 0.10995E-04 0.20465E-03 0.42315E-04 0.59192E-06 0.78238E-07 0.13891E-07 0.65689E-03 0.94307E-01 0.41379E-05 0.86832E-09 0.93715E-07 0.54195E-04 0.68722E-06 0.83183E-08 0.52775E-09 0.30601E-05 0.36966E-06 0.15646E-05 0.71465E+00 0.00000E+00
 0.60000E-05 0.19976E+04 0.17169E-03 0.64634E-05 0.48338E-05 0.18987E+00 0.11328E-04 0.21616E-03 0.44007E-04 0.61813E-06 0.84048E-07 0.14898E-07 0.68353E-03 0.94274E-01 0.46074E-05 0.10222E-08 0.10210E-06 0.58544E-04 0.72066E-06 0.97023E-08 0.60964E-09 0.34339E-05 0.40131E-06 0.17373E-05 0.71465E+00 0.00000E+00
 0.62000E-05 0.19976E+04 0.17882E-03 0.65817E-05 0.49614E-05 0.18986E+00 0.11670E-04 0.22804E-03 0.45711E-04 0.64465E-06 0.90149E-07 0.15957E-07 0.71043E-03 0.94240E-01 0.51162E-05 0.11984E-08 0.11104E-06 0.63093E-04 0.75484E-06 0.11262E-07 0.70145E-09 0.38391E-05 0.43460E-06 0.19224E-05 0.71464E+00 0.00000E+00
 0.64000E-05 0.19975E+04 0.18607E-03 0.67046E-05 0.50910E-05 0.18985E+00 0.12020E-04 0.24028E-03 0.47425E-04 0.67150E-06 0.96550E-07 0.17068E-07 0.73760E-03 0.94205E-01 0.56667E-05 0.13996E-08 0.12053E-06 0.67847E-04 0.78979E-06 0.13012E-07 0.80411E-09 0.42774E-05 0.46958E-06 0.21205E-05 0.71463E+00 0.00000E+00
 0.66000E-05 0.19974E+04 0.19345E-03 0.68323E-05 0.52228E-05 0.18983E+00 0.12378E-04 0.25290E-03 0.49151E-04 0.69867E-06 0.10326E-06 0.18235E-07 0.76504E-03 0.94169E-01 0.62613E-05 0.16284E-08 0.13063E-06 0.72810E-04 0.82552E-06 0.14971E-07 0.91862E-09 0.47503E-05 0.50629E-06 0.23320E-05 0.71462E+00 0.00000E+00
 0.68000E-05 0.19974E+04 0.20096E-03 0.69650E-05 0.53568E-05 0.18982E+00 0.12745E-04 0.26590E-03 0.50888E-04 0.72616E-06 0.11030E-06 0.19458E-07 0.79276E-03 0.94133E-01 0.69028E-05 0.18881E-08 0.14134E-06 0.77984E-04 0.86203E-06 0.17157E-07 0.10460E-08 0.52596E-05 0.54479E-06 0.25574E-05 0.71462E+00 0.00000E+00
 0.70000E-05 0.19973E+04 0.20862E-03 0.71027E-05 0.54929E-05 0.18981E+00 0.13122E-04 0.27931E-03 0.52635E-04 0.75397E-06 0.11767E-06 0.20741E-07 0.82075E-03 0.94096E-01 0.75937E-05 0.21821E-08 0.15271E-06 0.83374E-04 0.89934E-06 0.19588E-07 0.11875E-08 0.58070E-05 0.58511E-06 0.27973E-05 0.71461E+00 0.00000E+00
 0.72000E-05 0.19972E+04 0.21642E-03 0.72457E-05 0.56314E-05 0.18979E+00 0.13507E-04 0.29312E-03 0.54393E-04 0.78209E-06 0.12539E-06 0.22085E-07 0.84903E-03 0.94059E-01 0.83370E-05 0.25139E-08 0.16475E-06 0.88984E-04 0.93748E-06 0.22286E-07 0.13443E-08 0.63943E-05 0.62731E-06 0.30521E-05 0.71460E+00 0.00000E+00
 0.74000E-05 0.19972E+04 0.22437E-03 0.73940E-05 0.57721E-05 0.18978E+00 0.13901E-04 0.30734E-03 0.56162E-04 0.81052E-06 0.13347E-06 0.23494E-07 0.87759E-03 0.94021E-01 0.91355E-05 0.28877E-08 0.17751E-06 0.94818E-04 0.97644E-06 0.25272E-07 0.15177E-08 0.70233E-05 0.67144E-06 0.33224E-05 0.71459E+00 0.00000E+00
 0.76000E-05 0.19971E+04 0.23248E-03 0.75479E-05 0.59151E-05 0.18976E+00 0.14305E-04 0.32200E-03 0.57940E-04 0.83927E-06 0.14192E-06 0.24969E-07 0.90644E-03 0.93982E-01 0.99925E-05 0.33077E-08 0.19101E-06 0.10088E-03 0.10163E-05 0.28570E-07 0.17091E-08 0.76959E-05 0.71756E-06 0.36087E-05 0.71458E+00 0.00000E+00
 0.78000E-05 0.19970E+04 0.24075E-03 0.77074E-05 0.60605E-05 0.18975E+00 0.14719E-04 0.33710E-03 0.59728E-04 0.86834E-06 0.15076E-06 0.26514E-07 0.93558E-03 0.93942E-01 0.10911E-04 0.37786E-08 0.20529E-06 0.10717E-03 0.10569E-05 0.32204E-07 0.19200E-08 0.84140E-05 0.76571E-06 0.39115E-05 0.71458E+00 0.00000E+00
 0.80000E-05 0.19970E+04 0.24919E-03 0.78729E-05 0.62084E-05 0.18973E+00 0.15143E-04 0.35264E-03 0.61527E-04 0.89772E-06 0.15999E-06 0.28130E-07 0.96502E-03 0.93902E-01 0.11895E-04 0.43057E-08 0.22038E-06 0.11370E-03 0.10985E-05 0.36199E-07 0.21521E-08 0.91796E-05 0.81594E-06 0.42313E-05 0.71457E+00 0.00000E+00
 0.82000E-05 0.19969E+04 0.25780E-03 0.80444E-05 0.63588E-05 0.18972E+00 0.15577E-04 0.36865E-03 0.63335E-04 0.92742E-06 0.16964E-06 0.29821E-07 0.99476E-03 0.93860E-01 0.12947E-04 0.48943E-08 0.23632E-06 0.12047E-03 0.11409E-05 0.40584E-07 0.24070E-08 0.99948E-05 0.86833E-06 0.45688E-05 0.71456E+00 0.00000E+00
 0.84000E-05 0.19968E+04 0.26660E-03 0.82221E-05 0.65116E-05 0.18970E+00 0.16021E-04 0.38514E-03 0.65154E-04 0.95743E-06 0.17972E-06 0.31589E-07 0.10248E-02 0.93818E-01 0.14071E-04 0.55505E-08 0.25314E-06 0.12748E-03 0.11843E-05 0.45387E-07 0.26866E-08 0.10862E-04 0.92292E-06 0.49244E-05 0.71455E+00 0.00000E+00
 0.86000E-05 0.19968E+04 0.27558E-03 0.84062E-05 0.66671E-05 0.18968E+00 0.16476E-04 0.40211E-03 0.66982E-04 0.98776E-06 0.19024E-06 0.33437E-07 0.10551E-02 0.93776E-01 0.15272E-04 0.62807E-08 0.27089E-06 0.13474E-03 0.12286E-05 0.50639E-07 0.29929E-08 0.11782E-04 0.97978E-06 0.52988E-05 0.71454E+00 0.00000E+00
 0.88000E-05 0.19967E+04 0.28475E-03 0.85969E-05 0.68252E-05 0.18966E+00 0.16941E-04 0.41957E-03 0.68820E-04 0.10184E-05 0.20122E-06 0.35369E-07 0.10858E-02 0.93732E-01 0.16552E-04 0.70918E-08 0.28960E-06 0.14225E-03 0.12738E-05 0.56373E-07 0.33280E-08 0.12759E-04 0.10390E-05 0.56925E-05 0.71453E+00 0.00000E+00
 0.90000E-05 0.19967E+04 0.29412E-03 0.87944E-05 0.69860E-05 0.18965E+00 0.17418E-04 0.43755E-03 0.70668E-04 0.10494E-05 0.21267E-06 0.37387E-07 0.11168E-02 0.93688E-01 0.17917E-04 0.79914E-08 0.30931E-06 0.15002E-03 0.13199E-05 0.62623E-07 0.36941E-08 0.13794E-04 0.11005E-05 0.61060E-05 0.71452E+00 0.00000E+00
 0.92000E-05 0.19966E+04 0.30370E-03 0.89989E-05 0.71496E-05 0.18963E+00 0.17906E-04 0.45606E-03 0.72527E-04 0.10807E-05 0.22461E-06 0.39496E-07 0.11480E-02 0.93642E-01 0.19370E-04 0.89876E-08 0.33008E-06 0.15805E-03 0.13671E-05 0.69425E-07 0.40935E-08 0.14889E-04 0.11645E-05 0.65401E-05 0.71451E+00 0.00000E+00
 0.94000E-05 0.19966E+04 0.31350E-03 0.92107E-05 0.73160E-05 0.18961E+00 0.18405E-04 0.47510E-03 0.74395E-04 0.11123E-05 0.23707E-06 0.41697E-07 0.11796E-02 0.93596E-01 0.20916E-04 0.10089E-07 0.35194E-06 0.16635E-03 0.14152E-05 0.76818E-07 0.45289E-08 0.16047E-04 0.12311E-05 0.69953E-05 0.71450E+00 0.00000E+00
 0.96000E-05 0.19965E+04 0.32351E-03 0.94298E-05 0.74852E-05 0.18959E+00 0.18916E-04 0.49469E-03 0.76274E-04 0.11443E-05 0.25005E-06 0.43996E-07 0.12116E-02 0.93549E-01 0.22560E-04 0.11305E-07 0.37493E-06 0.17491E-03 0.14644E-05 0.84843E-07 0.50030E-08 0.17271E-04 0.13002E-05 0.74721E-05 0.71449E+00 0.00000E+00
 0.98000E-05 0.19965E+04 0.33376E-03 0.96566E-05 0.76573E-05 0.18957E+00 0.19439E-04 0.51485E-03 0.78163E-04 0.11766E-05 0.26358E-06 0.46395E-07 0.12438E-02 0.93501E-01 0.24307E-04 0.12646E-07 0.39912E-06 0.18374E-03 0.15146E-05 0.93542E-07 0.55186E-08 0.18562E-04 0.13719E-05 0.79714E-05 0.71448E+00 0.00000E+00
 0.10000E-04 0.19964E+04 0.34424E-03 0.98913E-05 0.78325E-05 0.18955E+00 0.19975E-04 0.53559E-03 0.80062E-04 0.12092E-05 0.27767E-06 0.48898E-07 0.12764E-02 0.93452E-01 0.26161E-04 0.14123E-07 0.42454E-06 0.19286E-03 0.15658E-05 0.10296E-06 0.60789E-08 0.19924E-04 0.14464E-05 0.84935E-05 0.71447E+00 0.00000E+00
 0.10200E-04 0.19963E+04 0.35496E-03 0.10134E-04 0.80107E-05 0.18953E+00 0.20523E-04 0.55692E-03 0.81972E-04 0.12422E-05 0.29234E-06 0.51509E-07 0.13093E-02 0.93402E-01 0.28129E-04 0.15746E-07 0.45125E-06 0.20226E-03 0.16181E-05 0.11315E-06 0.66870E-08 0.21359E-04 0.15237E-05 0.90393E-05 0.71446E+00 0.00000E+00
 0.10400E-04 0.19963E+04 0.36594E-03 0.10385E-04 0.81919E-05 0.18950E+00 0.21084E-04 0.57886E-03 0.83894E-04 0.12756E-05 0.30763E-06 0.54232E-07 0.13426E-02 0.93352E-01 0.30215E-04 0.17530E-07 0.47931E-06 0.21194E-03 0.16715E-05 0.12415E-06 0.73465E-08 0.22870E-04 0.16038E-05 0.96094E-05 0.71445E+00 0.00000E+00
 0.10600E-04 0.19963E+04 0.37719E-03 0.10645E-04 0.83764E-05 0.18948E+00 0.21659E-04 0.60142E-03 0.85826E-04 0.13092E-05 0.32353E-06 0.57072E-07 0.13762E-02 0.93300E-01 0.32426E-04 0.19486E-07 0.50876E-06 0.22191E-03 0.17260E-05 0.13602E-06 0.80612E-08 0.24459E-04 0.16869E-05 0.10204E-04 0.71444E+00 0.00000E+00
 0.10800E-04 0.19962E+04 0.38870E-03 0.10914E-04 0.85641E-05 0.18946E+00 0.22247E-04 0.62463E-03 0.87770E-04 0.13433E-05 0.34009E-06 0.60033E-07 0.14101E-02 0.93247E-01 0.34767E-04 0.21630E-07 0.53967E-06 0.23218E-03 0.17817E-05 0.14883E-06 0.88349E-08 0.26130E-04 0.17729E-05 0.10825E-04 0.71443E+00 0.00000E+00
 0.11000E-04 0.19962E+04 0.40049E-03 0.11191E-04 0.87551E-05 0.18943E+00 0.22848E-04 0.64849E-03 0.89726E-04 0.13777E-05 0.35731E-06 0.63120E-07 0.14444E-02 0.93193E-01 0.37245E-04 0.23977E-07 0.57209E-06 0.24275E-03 0.18384E-05 0.16261E-06 0.96718E-08 0.27885E-04 0.18621E-05 0.11472E-04 0.71442E+00 0.00000E+00
 0.11200E-04 0.19961E+04 0.41257E-03 0.11478E-04 0.89495E-05 0.18941E+00 0.23464E-04 0.67303E-03 0.91694E-04 0.14125E-05 0.37524E-06 0.66336E-07 0.14791E-02 0.93138E-01 0.39866E-04 0.26543E-07 0.60609E-06 0.25362E-03 0.18964E-05 0.17745E-06 0.10577E-07 0.29727E-04 0.19545E-05 0.12146E-04 0.71441E+00 0.00000E+00
 0.11400E-04 0.19961E+04 0.42494E-03 0.11775E-04 0.91474E-05 0.18938E+00 0.24095E-04 0.69826E-03 0.93675E-04 0.14477E-05 0.39388E-06 0.69688E-07 0.15141E-02 0.93082E-01 0.42638E-04 0.29347E-07 0.64173E-06 0.26481E-03 0.19556E-05 0.19340E-06 0.11554E-07 0.31659E-04 0.20501E-05 0.12847E-04 0.71440E+00 0.00000E+00
 0.11600E-04 0.19961E+04 0.43763E-03 0.12082E-04 0.93488E-05 0.18936E+00 0.24740E-04 0.72419E-03 0.95668E-04 0.14833E-05 0.41326E-06 0.73179E-07 0.15494E-02 0.93025E-01 0.45566E-04 0.32406E-07 0.67908E-06 0.27630E-03 0.20159E-05 0.21054E-06 0.12608E-07 0.33685E-04 0.21490E-05 0.13577E-04 0.71439E+00 0.00000E+00
 0.11800E-04 0.19960E+04 0.45063E-03 0.12399E-04 0.95538E-05 0.18933E+00 0.25401E-04 0.75086E-03 0.97675E-04 0.15193E-05 0.43341E-06 0.76817E-07 0.15851E-02 0.92966E-01 0.48658E-04 0.35742E-07 0.71821E-06 0.28812E-03 0.20775E-05 0.22893E-06 0.13746E-07 0.35808E-04 0.22514E-05 0.14336E-04 0.71438E+00 0.00000E+00
 0.12000E-04 0.19960E+04 0.46396E-03 0.12727E-04 0.97624E-05 0.18930E+00 0.26077E-04 0.77826E-03 0.99695E-04 0.15557E-05 0.45437E-06 0.80605E-07 0.16212E-02 0.92907E-01 0.51923E-04 0.39376E-07 0.75919E-06 0.30025E-03 0.21404E-05 0.24866E-06 0.14972E-07 0.38030E-04 0.23573E-05 0.15125E-04 0.71436E+00 0.00000E+00
 0.12200E-04 0.19960E+04 0.47763E-03 0.13066E-04 0.99749E-05 0.18928E+00 0.26769E-04 0.80644E-03 0.10173E-03 0.15925E-05 0.47614E-06 0.84549E-07 0.16577E-02 0.92846E-01 0.55367E-04 0.43330E-07 0.80209E-06 0.31272E-03 0.22046E-05 0.26981E-06 0.16293E-07 0.40356E-04 0.24668E-05 0.15945E-04 0.71435E+00 0.00000E+00
 0.12400E-04 0.19959E+04 0.49165E-03 0.13416E-04 0.10191E-04 0.18925E+00 0.27478E-04 0.83540E-03 0.10378E-03 0.16298E-05 0.49878E-06 0.88656E-07 0.16945E-02 0.92784E-01 0.59000E-04 0.47631E-07 0.84698E-06 0.32551E-03 0.22701E-05 0.29246E-06 0.17715E-07 0.42789E-04 0.25799E-05 0.16796E-04 0.71434E+00 0.00000E+00
 0.12600E-04 0.19959E+04 0.50603E-03 0.13777E-04 0.10411E-04 0.18922E+00 0.28204E-04 0.86516E-03 0.10584E-03 0.16675E-05 0.52229E-06 0.92932E-07 0.17317E-02 0.92721E-01 0.62830E-04 0.52304E-07 0.89396E-06 0.33864E-03 0.23370E-05 0.31670E-06 0.19245E-07 0.45332E-04 0.26969E-05 0.17679E-04 0.71433E+00 0.00000E+00
 0.12800E-04 0.19959E+04 0.52079E-03 0.14151E-04 0.10636E-04 0.18919E+00 0.28946E-04 0.89575E-03 0.10792E-03 0.17056E-05 0.54672E-06 0.97382E-07 0.17693E-02 0.92657E-01 0.66865E-04 0.57377E-07 0.94309E-06 0.35212E-03 0.24052E-05 0.34263E-06 0.20890E-07 0.47990E-04 0.28178E-05 0.18595E-04 0.71431E+00 0.00000E+00
 0.13000E-04 0.19959E+04 0.53592E-03 0.14537E-04 0.10864E-04 0.18916E+00 0.29707E-04 0.92718E-03 0.11002E-03 0.17443E-05 0.57210E-06 0.10201E-06 0.18073E-02 0.92591E-01 0.71115E-04 0.62882E-07 0.99447E-06 0.36594E-03 0.24749E-05 0.37035E-06 0.22658E-07 0.50765E-04 0.29426E-05 0.19544E-04 0.71430E+00 0.00000E+00
 0.13200E-04 0.19958E+04 0.55146E-03 0.14935E-04 0.11096E-04 0.18913E+00 0.30486E-04 0.95948E-03 0.11213E-03 0.17834E-05 0.59847E-06 0.10683E-06 0.18456E-02 0.92524E-01 0.75589E-04 0.68849E-07 0.10482E-05 0.38011E-03 0.25459E-05 0.39997E-06 0.24557E-07 0.53661E-04 0.30715E-05 0.20528E-04 0.71429E+00 0.00000E+00
 0.13400E-04 0.19958E+04 0.56740E-03 0.15347E-04 0.11333E-04 0.18909E+00 0.31283E-04 0.99268E-03 0.11426E-03 0.18230E-05 0.62584E-06 0.11185E-06 0.18844E-02 0.92455E-01 0.80299E-04 0.75313E-07 0.11043E-05 0.39463E-03 0.26185E-05 0.43159E-06 0.26596E-07 0.56683E-04 0.32046E-05 0.21547E-04 0.71427E+00 0.00000E+00
 0.13600E-04 0.19958E+04 0.58377E-03 0.15772E-04 0.11574E-04 0.18906E+00 0.32099E-04 0.10268E-02 0.11641E-03 0.18631E-05 0.65428E-06 0.11707E-06 0.19235E-02 0.92386E-01 0.85253E-04 0.82312E-07 0.11630E-05 0.40952E-03 0.26925E-05 0.46534E-06 0.28784E-07 0.59835E-04 0.33420E-05 0.22602E-04 0.71426E+00 0.00000E+00
 0.13800E-04 0.19958E+04 0.60058E-03 0.16212E-04 0.11820E-04 0.18902E+00 0.32935E-04 0.10618E-02 0.11858E-03 0.19038E-05 0.68380E-06 0.12250E-06 0.19631E-02 0.92314E-01 0.90463E-04 0.89884E-07 0.12243E-05 0.42477E-03 0.27681E-05 0.50135E-06 0.31130E-07 0.63120E-04 0.34838E-05 0.23694E-04 0.71424E+00 0.00000E+00
 0.14000E-04 0.19958E+04 0.61783E-03 0.16665E-04 0.12070E-04 0.18899E+00 0.33791E-04 0.10978E-02 0.12076E-03 0.19450E-05 0.71444E-06 0.12815E-06 0.20030E-02 0.92242E-01 0.95940E-04 0.98071E-07 0.12883E-05 0.44040E-03 0.28452E-05 0.53973E-06 0.33646E-07 0.66542E-04 0.36301E-05 0.24824E-04 0.71423E+00 0.00000E+00
 0.14200E-04 0.19958E+04 0.63555E-03 0.17134E-04 0.12325E-04 0.18895E+00 0.34668E-04 0.11348E-02 0.12297E-03 0.19867E-05 0.74626E-06 0.13402E-06 0.20434E-02 0.92167E-01 0.10170E-03 0.10692E-06 0.13551E-05 0.45639E-03 0.29239E-05 0.58064E-06 0.36341E-07 0.70107E-04 0.37810E-05 0.25992E-04 0.71421E+00 0.00000E+00
 0.14400E-04 0.19958E+04 0.65375E-03 0.17617E-04 0.12585E-04 0.18892E+00 0.35566E-04 0.11729E-02 0.12520E-03 0.20290E-05 0.77929E-06 0.14013E-06 0.20841E-02 0.92092E-01 0.10774E-03 0.11647E-06 0.14249E-05 0.47277E-03 0.30043E-05 0.62421E-06 0.39229E-07 0.73819E-04 0.39367E-05 0.27200E-04 0.71420E+00 0.00000E+00
 0.14600E-04 0.19958E+04 0.67244E-03 0.18117E-04 0.12849E-04 0.18888E+00 0.36486E-04 0.12119E-02 0.12745E-03 0.20719E-05 0.81357E-06 0.14648E-06 0.21253E-02 0.92014E-01 0.11409E-03 0.12678E-06 0.14977E-05 0.48953E-03 0.30864E-05 0.67060E-06 0.42320E-07 0.77681E-04 0.40972E-05 0.28447E-04 0.71418E+00 0.00000E+00
 0.14800E-04 0.19958E+04 0.69164E-03 0.18633E-04 0.13119E-04 0.18884E+00 0.37428E-04 0.12520E-02 0.12972E-03 0.21155E-05 0.84915E-06 0.15309E-06 0.21669E-02 0.91936E-01 0.12076E-03 0.13791E-06 0.15737E-05 0.50668E-03 0.31701E-05 0.71998E-06 0.45629E-07 0.81700E-04 0.42627E-05 0.29736E-04 0.71416E+00 0.00000E+00
 0.15000E-04 0.19958E+04 0.71136E-03 0.19165E-04 0.13394E-04 0.18880E+00 0.38393E-04 0.12933E-02 0.13201E-03 0.21596E-05 0.88607E-06 0.15996E-06 0.22089E-02 0.91855E-01 0.12776E-03 0.14990E-06 0.16530E-05 0.52423E-03 0.32556E-05 0.77251E-06 0.49169E-07 0.85878E-04 0.44332E-05 0.31066E-04 0.71415E+00 0.00000E+00
 0.15200E-04 0.19958E+04 0.73163E-03 0.19715E-04 0.13674E-04 0.18876E+00 0.39382E-04 0.13356E-02 0.13433E-03 0.22044E-05 0.92439E-06 0.16711E-06 0.22514E-02 0.91773E-01 0.13510E-03 0.16282E-06 0.17357E-05 0.54218E-03 0.33429E-05 0.82837E-06 0.52954E-07 0.90222E-04 0.46090E-05 0.32439E-04 0.71413E+00 0.00000E+00
 0.15400E-04 0.19959E+04 0.75246E-03 0.20283E-04 0.13959E-04 0.18871E+00 0.40395E-04 0.13791E-02 0.13667E-03 0.22499E-05 0.96415E-06 0.17453E-06 0.22942E-02 0.91689E-01 0.14280E-03 0.17674E-06 0.18220E-05 0.56053E-03 0.34320E-05 0.88776E-06 0.57002E-07 0.94736E-04 0.47901E-05 0.33855E-04 0.71411E+00 0.00000E+00
 0.15600E-04 0.19959E+04 0.77386E-03 0.20869E-04 0.14250E-04 0.18867E+00 0.41433E-04 0.14238E-02 0.13904E-03 0.22960E-05 0.10054E-05 0.18226E-06 0.23375E-02 0.91604E-01 0.15088E-03 0.19173E-06 0.19120E-05 0.57929E-03 0.35230E-05 0.95087E-06 0.61327E-07 0.99425E-04 0.49767E-05 0.35316E-04 0.71410E+00 0.00000E+00
 0.15800E-04 0.19959E+04 0.79586E-03 0.21474E-04 0.14547E-04 0.18863E+00 0.42497E-04 0.14697E-02 0.14143E-03 0.23429E-05 0.10482E-05 0.19028E-06 0.23812E-02 0.91516E-01 0.15935E-03 0.20785E-06 0.20057E-05 0.59846E-03 0.36159E-05 0.10179E-05 0.65948E-07 0.10429E-03 0.51689E-05 0.36822E-04 0.71408E+00 0.00000E+00
 0.16000E-04 0.19959E+04 0.81847E-03 0.22098E-04 0.14849E-04 0.18858E+00 0.43586E-04 0.15169E-02 0.14385E-03 0.23905E-05 0.10926E-05 0.19863E-06 0.24254E-02 0.91427E-01 0.16822E-03 0.22520E-06 0.21035E-05 0.61806E-03 0.37107E-05 0.10891E-05 0.70884E-07 0.10935E-03 0.53668E-05 0.38374E-04 0.71406E+00 0.00000E+00
 0.16200E-04 0.19960E+04 0.84171E-03 0.22743E-04 0.15157E-04 0.18853E+00 0.44703E-04 0.15654E-02 0.14630E-03 0.24388E-05 0.11387E-05 0.20730E-06 0.24700E-02 0.91336E-01 0.17752E-03 0.24384E-06 0.22054E-05 0.63808E-03 0.38076E-05 0.11647E-05 0.76153E-07 0.11460E-03 0.55706E-05 0.39972E-04 0.71404E+00 0.00000E+00
 0.16400E-04 0.19960E+04 0.86560E-03 0.23409E-04 0.15471E-04 0.18848E+00 0.45848E-04 0.16151E-02 0.14878E-03 0.24879E-05 0.11865E-05 0.21632E-06 0.25151E-02 0.91243E-01 0.18726E-03 0.26389E-06 0.23115E-05 0.65853E-03 0.39065E-05 0.12450E-05 0.81778E-07 0.12004E-03 0.57804E-05 0.41618E-04 0.71402E+00 0.00000E+00
 0.16600E-04 0.19961E+04 0.89016E-03 0.24096E-04 0.15792E-04 0.18843E+00 0.47021E-04 0.16663E-02 0.15128E-03 0.25378E-05 0.12360E-05 0.22569E-06 0.25606E-02 0.91148E-01 0.19746E-03 0.28541E-06 0.24222E-05 0.67942E-03 0.40075E-05 0.13301E-05 0.87779E-07 0.12568E-03 0.59964E-05 0.43313E-04 0.71400E+00 0.00000E+00
 0.16800E-04 0.19961E+04 0.91542E-03 0.24805E-04 0.16118E-04 0.18838E+00 0.48224E-04 0.17188E-02 0.15382E-03 0.25886E-05 0.12875E-05 0.23543E-06 0.26065E-02 0.91051E-01 0.20814E-03 0.30853E-06 0.25374E-05 0.70074E-03 0.41107E-05 0.14205E-05 0.94181E-07 0.13154E-03 0.62186E-05 0.45057E-04 0.71398E+00 0.00000E+00
 0.17000E-04 0.19962E+04 0.94139E-03 0.25537E-04 0.16452E-04 0.18833E+00 0.49456E-04 0.17728E-02 0.15639E-03 0.26402E-05 0.13408E-05 0.24555E-06 0.26530E-02 0.90953E-01 0.21932E-03 0.33335E-06 0.26574E-05 0.72251E-03 0.42161E-05 0.15163E-05 0.10101E-06 0.13760E-03 0.64474E-05 0.46851E-04 0.71396E+00 0.00000E+00
 0.17200E-04 0.19962E+04 0.96810E-03 0.26293E-04 0.16792E-04 0.18828E+00 0.50720E-04 0.18282E-02 0.15899E-03 0.26926E-05 0.13961E-05 0.25607E-06 0.26998E-02 0.90852E-01 0.23102E-03 0.35998E-06 0.27824E-05 0.74473E-03 0.43237E-05 0.16179E-05 0.10829E-06 0.14389E-03 0.66827E-05 0.48696E-04 0.71394E+00 0.00000E+00
 0.17400E-04 0.19963E+04 0.99557E-03 0.27073E-04 0.17138E-04 0.18822E+00 0.52016E-04 0.18852E-02 0.16163E-03 0.27460E-05 0.14535E-05 0.26700E-06 0.27472E-02 0.90748E-01 0.24326E-03 0.38854E-06 0.29126E-05 0.76741E-03 0.44336E-05 0.17256E-05 0.11605E-06 0.15041E-03 0.69247E-05 0.50593E-04 0.71391E+00 0.00000E+00
 0.17600E-04 0.19964E+04 0.10238E-02 0.27879E-04 0.17492E-04 0.18816E+00 0.53345E-04 0.19437E-02 0.16430E-03 0.28002E-05 0.15130E-05 0.27836E-06 0.27950E-02 0.90643E-01 0.25607E-03 0.41917E-06 0.30481E-05 0.79054E-03 0.45459E-05 0.18398E-05 0.12432E-06 0.15715E-03 0.71737E-05 0.52542E-04 0.71389E+00 0.00000E+00
 0.17800E-04 0.19965E+04 0.10529E-02 0.28710E-04 0.17853E-04 0.18810E+00 0.54707E-04 0.20038E-02 0.16700E-03 0.28554E-05 0.15747E-05 0.29017E-06 0.28432E-02 0.90536E-01 0.26946E-03 0.45201E-06 0.31892E-05 0.81415E-03 0.46606E-05 0.19607E-05 0.13313E-06 0.16414E-03 0.74297E-05 0.54545E-04 0.71387E+00 0.00000E+00
 0.18000E-04 0.19966E+04 0.10828E-02 0.29569E-04 0.18221E-04 0.18804E+00 0.56104E-04 0.20656E-02 0.16974E-03 0.29116E-05 0.16388E-05 0.30243E-06 0.28920E-02 0.90426E-01 0.28347E-03 0.48720E-06 0.33361E-05 0.83822E-03 0.47778E-05 0.20889E-05 0.14251E-06 0.17137E-03 0.76930E-05 0.56601E-04 0.71384E+00 0.00000E+00
 0.18200E-04 0.19967E+04 0.11135E-02 0.30454E-04 0.18597E-04 0.18798E+00 0.57537E-04 0.21290E-02 0.17252E-03 0.29688E-05 0.17052E-05 0.31518E-06 0.29412E-02 0.90314E-01 0.29811E-03 0.52490E-06 0.34889E-05 0.86277E-03 0.48975E-05 0.22246E-05 0.15251E-06 0.17885E-03 0.79636E-05 0.58712E-04 0.71382E+00 0.00000E+00
 0.18400E-04 0.19968E+04 0.11451E-02 0.31369E-04 0.18980E-04 0.18792E+00 0.59006E-04 0.21942E-02 0.17534E-03 0.30270E-05 0.17740E-05 0.32843E-06 0.29909E-02 0.90199E-01 0.31342E-03 0.56528E-06 0.36480E-05 0.88779E-03 0.50198E-05 0.23684E-05 0.16315E-06 0.18660E-03 0.82418E-05 0.60878E-04 0.71379E+00 0.00000E+00
 0.18600E-04 0.19969E+04 0.11777E-02 0.32313E-04 0.19371E-04 0.18785E+00 0.60513E-04 0.22612E-02 0.17820E-03 0.30863E-05 0.18454E-05 0.34219E-06 0.30410E-02 0.90082E-01 0.32941E-03 0.60851E-06 0.38135E-05 0.91331E-03 0.51447E-05 0.25206E-05 0.17447E-06 0.19461E-03 0.85278E-05 0.63100E-04 0.71377E+00 0.00000E+00
 0.18800E-04 0.19970E+04 0.12111E-02 0.33287E-04 0.19771E-04 0.18779E+00 0.62060E-04 0.23300E-02 0.18109E-03 0.31467E-05 0.19195E-05 0.35649E-06 0.30917E-02 0.89963E-01 0.34613E-03 0.65480E-06 0.39858E-05 0.93931E-03 0.52724E-05 0.26818E-05 0.18653E-06 0.20289E-03 0.88216E-05 0.65379E-04 0.71374E+00 0.00000E+00
 0.19000E-04 0.19971E+04 0.12456E-02 0.34293E-04 0.20178E-04 0.18772E+00 0.63646E-04 0.24007E-02 0.18403E-03 0.32082E-05 0.19963E-05 0.37135E-06 0.31428E-02 0.89841E-01 0.36359E-03 0.70432E-06 0.41649E-05 0.96581E-03 0.54028E-05 0.28524E-05 0.19936E-06 0.21145E-03 0.91235E-05 0.67715E-04 0.71371E+00 0.00000E+00
 0.19200E-04 0.19972E+04 0.12810E-02 0.35331E-04 0.20594E-04 0.18765E+00 0.65273E-04 0.24734E-02 0.18701E-03 0.32708E-05 0.20760E-05 0.38678E-06 0.31945E-02 0.89717E-01 0.38183E-03 0.75732E-06 0.43513E-05 0.99281E-03 0.55361E-05 0.30330E-05 0.21300E-06 0.22030E-03 0.94337E-05 0.70109E-04 0.71369E+00 0.00000E+00
 0.19400E-04 0.19974E+04 0.13175E-02 0.36403E-04 0.21019E-04 0.18757E+00 0.66943E-04 0.25480E-02 0.19004E-03 0.33346E-05 0.21586E-05 0.40282E-06 0.32466E-02 0.89589E-01 0.40088E-03 0.81400E-06 0.45451E-05 0.10203E-02 0.56723E-05 0.32241E-05 0.22752E-06 0.22945E-03 0.97523E-05 0.72561E-04 0.71366E+00 0.00000E+00
 0.19600E-04 0.19975E+04 0.13550E-02 0.37510E-04 0.21453E-04 0.18750E+00 0.68656E-04 0.26248E-02 0.19311E-03 0.33996E-05 0.22443E-05 0.41949E-06 0.32992E-02 0.89459E-01 0.42078E-03 0.87462E-06 0.47467E-05 0.10483E-02 0.58115E-05 0.34264E-05 0.24296E-06 0.23890E-03 0.10079E-04 0.75073E-04 0.71363E+00 0.00000E+00
 0.19800E-04 0.19977E+04 0.13936E-02 0.38652E-04 0.21896E-04 0.18742E+00 0.70414E-04 0.27036E-02 0.19622E-03 0.34658E-05 0.23331E-05 0.43680E-06 0.33523E-02 0.89327E-01 0.44155E-03 0.93943E-06 0.49564E-05 0.10768E-02 0.59537E-05 0.36403E-05 0.25938E-06 0.24866E-03 0.10416E-04 0.77643E-04 0.71360E+00 0.00000E+00
 0.20000E-04 0.19978E+04 0.14333E-02 0.39831E-04 0.22349E-04 0.18734E+00 0.72219E-04 0.27846E-02 0.19939E-03 0.35333E-05 0.24253E-05 0.45479E-06 0.34059E-02 0.89191E-01 0.46323E-03 0.10087E-05 0.51744E-05 0.11059E-02 0.60990E-05 0.38667E-05 0.27683E-06 0.25875E-03 0.10760E-04 0.80273E-04 0.71357E+00 0.00000E+00
 0.20200E-04 0.19980E+04 0.14742E-02 0.41049E-04 0.22811E-04 0.18726E+00 0.74071E-04 0.28679E-02 0.20260E-03 0.36021E-05 0.25208E-05 0.47348E-06 0.34600E-02 0.89052E-01 0.48585E-03 0.10828E-05 0.54010E-05 0.11355E-02 0.62475E-05 0.41062E-05 0.29538E-06 0.26915E-03 0.11115E-04 0.82963E-04 0.71353E+00 0.00000E+00
 0.20400E-04 0.19982E+04 0.15163E-02 0.42305E-04 0.23283E-04 0.18718E+00 0.75971E-04 0.29534E-02 0.20586E-03 0.36722E-05 0.26199E-05 0.49290E-06 0.35146E-02 0.88911E-01 0.50947E-03 0.11619E-05 0.56366E-05 0.11656E-02 0.63993E-05 0.43595E-05 0.31510E-06 0.27990E-03 0.11478E-04 0.85713E-04 0.71350E+00 0.00000E+00
 0.20600E-04 0.19984E+04 0.15597E-02 0.43603E-04 0.23766E-04 0.18709E+00 0.77922E-04 0.30414E-02 0.20916E-03 0.37437E-05 0.27227E-05 0.51307E-06 0.35698E-02 0.88766E-01 0.53411E-03 0.12464E-05 0.58815E-05 0.11962E-02 0.65544E-05 0.46274E-05 0.33605E-06 0.29099E-03 0.11851E-04 0.88524E-04 0.71347E+00 0.00000E+00
 0.20800E-04 0.19986E+04 0.16043E-02 0.44942E-04 0.24259E-04 0.18701E+00 0.79925E-04 0.31317E-02 0.21252E-03 0.38165E-05 0.28293E-05 0.53403E-06 0.36254E-02 0.88618E-01 0.55982E-03 0.13367E-05 0.61361E-05 0.12273E-02 0.67129E-05 0.49107E-05 0.35832E-06 0.30243E-03 0.12234E-04 0.91395E-04 0.71343E+00 0.00000E+00
 0.21000E-04 0.19988E+04 0.16502E-02 0.46325E-04 0.24763E-04 0.18692E+00 0.81982E-04 0.32246E-02 0.21594E-03 0.38908E-05 0.29399E-05 0.55580E-06 0.36815E-02 0.88468E-01 0.58664E-03 0.14331E-05 0.64007E-05 0.12590E-02 0.68749E-05 0.52103E-05 0.38197E-06 0.31424E-03 0.12627E-04 0.94327E-04 0.71340E+00 0.00000E+00
 0.21200E-04 0.19991E+04 0.16974E-02 0.47753E-04 0.25277E-04 0.18682E+00 0.84093E-04 0.33201E-02 0.21940E-03 0.39665E-05 0.30546E-05 0.57842E-06 0.37382E-02 0.88313E-01 0.61461E-03 0.15360E-05 0.66757E-05 0.12913E-02 0.70404E-05 0.55272E-05 0.40710E-06 0.32641E-03 0.13030E-04 0.97320E-04 0.71336E+00 0.00000E+00
 0.21400E-04 0.19993E+04 0.17460E-02 0.49227E-04 0.25803E-04 0.18673E+00 0.86260E-04 0.34183E-02 0.22292E-03 0.40437E-05 0.31735E-05 0.60192E-06 0.37953E-02 0.88156E-01 0.64378E-03 0.16459E-05 0.69615E-05 0.13241E-02 0.72095E-05 0.58622E-05 0.43378E-06 0.33897E-03 0.13443E-04 0.10037E-03 0.71332E+00 0.00000E+00
 0.21600E-04 0.19996E+04 0.17961E-02 0.50749E-04 0.26341E-04 0.18663E+00 0.88486E-04 0.35192E-02 0.22650E-03 0.41223E-05 0.32969E-05 0.62633E-06 0.38530E-02 0.87995E-01 0.67420E-03 0.17633E-05 0.72584E-05 0.13574E-02 0.73824E-05 0.62163E-05 0.46213E-06 0.35191E-03 0.13867E-04 0.10349E-03 0.71328E+00 0.00000E+00
 0.21800E-04 0.19998E+04 0.18476E-02 0.52320E-04 0.26891E-04 0.18653E+00 0.90772E-04 0.36229E-02 0.23013E-03 0.42026E-05 0.34248E-05 0.65169E-06 0.39112E-02 0.87830E-01 0.70591E-03 0.18885E-05 0.75669E-05 0.13913E-02 0.75590E-05 0.65908E-05 0.49222E-06 0.36525E-03 0.14301E-04 0.10666E-03 0.71324E+00 0.00000E+00
 0.22000E-04 0.20001E+04 0.19007E-02 0.53943E-04 0.27453E-04 0.18643E+00 0.93119E-04 0.37295E-02 0.23381E-03 0.42843E-05 0.35575E-05 0.67804E-06 0.39699E-02 0.87662E-01 0.73898E-03 0.20221E-05 0.78874E-05 0.14258E-02 0.77395E-05 0.69867E-05 0.52417E-06 0.37900E-03 0.14747E-04 0.10990E-03 0.71320E+00 0.00000E+00
 0.22200E-04 0.20004E+04 0.19553E-02 0.55618E-04 0.28028E-04 0.18632E+00 0.95530E-04 0.38391E-02 0.23756E-03 0.43677E-05 0.36952E-05 0.70541E-06 0.40291E-02 0.87490E-01 0.77345E-03 0.21646E-05 0.82203E-05 0.14608E-02 0.79239E-05 0.74052E-05 0.55809E-06 0.39317E-03 0.15204E-04 0.11319E-03 0.71316E+00 0.00000E+00
 0.22400E-04 0.20007E+04 0.20116E-02 0.57349E-04 0.28616E-04 0.18621E+00 0.98006E-04 0.39518E-02 0.24136E-03 0.44526E-05 0.38380E-05 0.73384E-06 0.40888E-02 0.87314E-01 0.80937E-03 0.23167E-05 0.85661E-05 0.14964E-02 0.81123E-05 0.78477E-05 0.59410E-06 0.40776E-03 0.15672E-04 0.11654E-03 0.71312E+00 0.00000E+00
 0.22600E-04 0.20010E+04 0.20695E-02 0.59135E-04 0.29217E-04 0.18610E+00 0.10055E-03 0.40677E-02 0.24523E-03 0.45392E-05 0.39861E-05 0.76338E-06 0.41491E-02 0.87135E-01 0.84681E-03 0.24790E-05 0.89253E-05 0.15325E-02 0.83048E-05 0.83154E-05 0.63232E-06 0.42280E-03 0.16151E-04 0.11995E-03 0.71307E+00 0.00000E+00
 0.22800E-04 0.20014E+04 0.21291E-02 0.60981E-04 0.29832E-04 0.18598E+00 0.10316E-03 0.41869E-02 0.24915E-03 0.46275E-05 0.41397E-05 0.79406E-06 0.42098E-02 0.86951E-01 0.88583E-03 0.26520E-05 0.92983E-05 0.15692E-02 0.85014E-05 0.88098E-05 0.67288E-06 0.43827E-03 0.16642E-04 0.12342E-03 0.71303E+00 0.00000E+00
 0.23000E-04 0.20017E+04 0.21905E-02 0.62886E-04 0.30462E-04 0.18586E+00 0.10585E-03 0.43094E-02 0.25314E-03 0.47174E-05 0.42991E-05 0.82594E-06 0.42711E-02 0.86764E-01 0.92648E-03 0.28365E-05 0.96857E-05 0.16065E-02 0.87023E-05 0.93325E-05 0.71592E-06 0.45421E-03 0.17146E-04 0.12694E-03 0.71298E+00 0.00000E+00
 0.23200E-04 0.20021E+04 0.22537E-02 0.64854E-04 0.31105E-04 0.18574E+00 0.10860E-03 0.44354E-02 0.25719E-03 0.48090E-05 0.44644E-05 0.85905E-06 0.43329E-02 0.86572E-01 0.96883E-03 0.30333E-05 0.10088E-04 0.16443E-02 0.89074E-05 0.98849E-05 0.76159E-06 0.47061E-03 0.17661E-04 0.13052E-03 0.71293E+00 0.00000E+00
 0.23400E-04 0.20025E+04 0.23188E-02 0.66887E-04 0.31764E-04 0.18561E+00 0.11144E-03 0.45650E-02 0.26130E-03 0.49024E-05 0.46359E-05 0.89345E-06 0.43952E-02 0.86376E-01 0.10130E-02 0.32431E-05 0.10506E-04 0.16827E-02 0.91170E-05 0.10469E-04 0.81005E-06 0.48749E-03 0.18189E-04 0.13415E-03 0.71288E+00 0.00000E+00
 0.23600E-04 0.20029E+04 0.23858E-02 0.68986E-04 0.32439E-04 0.18548E+00 0.11435E-03 0.46982E-02 0.26548E-03 0.49975E-05 0.48139E-05 0.92918E-06 0.44581E-02 0.86176E-01 0.10589E-02 0.34668E-05 0.10939E-04 0.17217E-02 0.93310E-05 0.11086E-04 0.86145E-06 0.50486E-03 0.18729E-04 0.13784E-03 0.71283E+00 0.00000E+00
 0.23800E-04 0.20033E+04 0.24548E-02 0.71154E-04 0.33129E-04 0.18535E+00 0.11734E-03 0.48352E-02 0.26972E-03 0.50943E-05 0.49985E-05 0.96630E-06 0.45214E-02 0.85971E-01 0.11068E-02 0.37052E-05 0.11389E-04 0.17613E-02 0.95495E-05 0.11739E-04 0.91599E-06 0.52273E-03 0.19282E-04 0.14157E-03 0.71277E+00 0.00000E+00
 0.24000E-04 0.20037E+04 0.25259E-02 0.73394E-04 0.33836E-04 0.18521E+00 0.12041E-03 0.49762E-02 0.27403E-03 0.51930E-05 0.51900E-05 0.10049E-05 0.45853E-02 0.85762E-01 0.11566E-02 0.39593E-05 0.11857E-04 0.18014E-02 0.97726E-05 0.12429E-04 0.97383E-06 0.54110E-03 0.19848E-04 0.14536E-03 0.71272E+00 0.00000E+00
 0.24200E-04 0.20042E+04 0.25990E-02 0.75708E-04 0.34559E-04 0.18507E+00 0.12357E-03 0.51212E-02 0.27841E-03 0.52934E-05 0.53888E-05 0.10449E-05 0.46497E-02 0.85548E-01 0.12086E-02 0.42302E-05 0.12342E-04 0.18421E-02 0.10000E-04 0.13158E-04 0.10352E-05 0.56000E-03 0.20427E-04 0.14919E-03 0.71266E+00 0.00000E+00
 0.24400E-04 0.20047E+04 0.26744E-02 0.78098E-04 0.35301E-04 0.18493E+00 0.12682E-03 0.52703E-02 0.28285E-03 0.53955E-05 0.55950E-05 0.10865E-05 0.47146E-02 0.85329E-01 0.12626E-02 0.45189E-05 0.12845E-04 0.18834E-02 0.10233E-04 0.13928E-04 0.11002E-05 0.57942E-03 0.21019E-04 0.15307E-03 0.71260E+00 0.00000E+00
 0.24600E-04 0.20052E+04 0.27520E-02 0.80567E-04 0.36060E-04 0.18478E+00 0.13016E-03 0.54237E-02 0.28735E-03 0.54995E-05 0.58089E-05 0.11297E-05 0.47800E-02 0.85106E-01 0.13189E-02 0.48265E-05 0.13367E-04 0.19252E-02 0.10470E-04 0.14743E-04 0.11693E-05 0.59939E-03 0.21625E-04 0.15699E-03 0.71255E+00 0.00000E+00
 0.24800E-04 0.20057E+04 0.28319E-02 0.83118E-04 0.36837E-04 0.18463E+00 0.13359E-03 0.55815E-02 0.29193E-03 0.56053E-05 0.60310E-05 0.11746E-05 0.48459E-02 0.84877E-01 0.13775E-02 0.51542E-05 0.13909E-04 0.19676E-02 0.10712E-04 0.15605E-04 0.12424E-05 0.61991E-03 0.22244E-04 0.16095E-03 0.71248E+00 0.00000E+00
 0.25000E-04 0.20062E+04 0.29142E-02 0.85754E-04 0.37634E-04 0.18447E+00 0.13711E-03 0.57439E-02 0.29658E-03 0.57128E-05 0.62614E-05 0.12213E-05 0.49123E-02 0.84644E-01 0.14385E-02 0.55034E-05 0.14472E-04 0.20105E-02 0.10959E-04 0.16515E-04 0.13200E-05 0.64099E-03 0.22877E-04 0.16495E-03 0.71242E+00 0.00000E+00
