#  T(SEC)      TMP(K)       H2         H          O2         O          OH             HO2        H2O2       H2O        N          N2             NO        
 0.00000E+00 0.10000E+04 0.24390E+00 0.00000E+00 0.73171E+00 0.00000E+00 0.00000E+00 0.00000E+00 0.00000E+00 0.00000E+00 0.00000E+00 0.24390E-01 0.00000E+00
 0.10000E-06 0.10000E+04 0.24390E+00 0.23268E-09 0.73171E+00 0.36127E-11 0.97682E-09 0.95288E-11 0.20297E-16 0.23325E-09 0.10103E-27 0.24390E-01 0.11127E-27
 0.20000E-06 0.10000E+04 0.24390E+00 0.78597E-09 0.73171E+00 0.24786E-10 0.16183E-08 0.35208E-10 0.12486E-15 0.82082E-09 0.13461E-26 0.24390E-01 0.16229E-26
 0.30000E-06 0.10000E+04 0.24390E+00 0.15226E-08 0.73171E+00 0.73082E-10 0.20550E-08 0.86794E-10 0.42277E-15 0.16448E-08 0.58005E-26 0.24390E-01 0.76308E-26
 0.40000E-06 0.10000E+04 0.24390E+00 0.23609E-08 0.73171E+00 0.15281E-09 0.23670E-08 0.16979E-09 0.10609E-14 0.26332E-08 0.15746E-25 0.24390E-01 0.22526E-25
 0.50000E-06 0.10000E+04 0.24390E+00 0.32527E-08 0.73171E+00 0.26526E-09 0.26034E-08 0.28718E-09 0.22071E-14 0.37423E-08 0.33234E-25 0.24390E-01 0.51526E-25
 0.60000E-06 0.10000E+04 0.24390E+00 0.41707E-08 0.73171E+00 0.41005E-09 0.27946E-08 0.44050E-09 0.40404E-14 0.49458E-08 0.59908E-25 0.24390E-01 0.10034E-24
 0.70000E-06 0.10000E+04 0.24390E+00 0.50996E-08 0.73171E+00 0.58591E-09 0.29590E-08 0.63044E-09 0.67455E-14 0.62280E-08 0.96967E-25 0.24390E-01 0.17493E-24
 0.80000E-06 0.10000E+04 0.24390E+00 0.60317E-08 0.73171E+00 0.79118E-09 0.31080E-08 0.85728E-09 0.10509E-13 0.75796E-08 0.14520E-24 0.24390E-01 0.28131E-24
 0.90000E-06 0.10000E+04 0.24390E+00 0.69636E-08 0.73171E+00 0.10240E-08 0.32488E-08 0.11211E-08 0.15519E-13 0.89956E-08 0.20507E-24 0.24390E-01 0.42546E-24
 0.10000E-05 0.10000E+04 0.24390E+00 0.78945E-08 0.73171E+00 0.12828E-08 0.33857E-08 0.14217E-08 0.21964E-13 0.10473E-07 0.27672E-24 0.24390E-01 0.61324E-24
 0.11000E-05 0.10000E+04 0.24390E+00 0.88249E-08 0.73171E+00 0.15656E-08 0.35213E-08 0.17593E-08 0.30031E-13 0.12012E-07 0.36014E-24 0.24390E-01 0.85031E-24
 0.12000E-05 0.10000E+04 0.24390E+00 0.97563E-08 0.73171E+00 0.18712E-08 0.36574E-08 0.21337E-08 0.39909E-13 0.13610E-07 0.45513E-24 0.24390E-01 0.11421E-23
 0.13000E-05 0.10000E+04 0.24390E+00 0.10690E-07 0.73171E+00 0.21981E-08 0.37949E-08 0.25451E-08 0.51785E-13 0.15270E-07 0.56140E-24 0.24390E-01 0.14939E-23
 0.14000E-05 0.10000E+04 0.24390E+00 0.11629E-07 0.73171E+00 0.25451E-08 0.39346E-08 0.29936E-08 0.65849E-13 0.16991E-07 0.67859E-24 0.24390E-01 0.19108E-23
 0.15000E-05 0.10000E+04 0.24390E+00 0.12574E-07 0.73171E+00 0.29112E-08 0.40770E-08 0.34794E-08 0.82292E-13 0.18776E-07 0.80632E-24 0.24390E-01 0.23974E-23
 0.16000E-05 0.10000E+04 0.24390E+00 0.13527E-07 0.73171E+00 0.32955E-08 0.42222E-08 0.40028E-08 0.10130E-12 0.20624E-07 0.94418E-24 0.24390E-01 0.29585E-23
 0.17000E-05 0.10000E+04 0.24390E+00 0.14490E-07 0.73171E+00 0.36973E-08 0.43706E-08 0.45642E-08 0.12308E-12 0.22538E-07 0.10918E-23 0.24390E-01 0.35985E-23
 0.18000E-05 0.10000E+04 0.24390E+00 0.15464E-07 0.73171E+00 0.41159E-08 0.45223E-08 0.51639E-08 0.14782E-12 0.24518E-07 0.12488E-23 0.24390E-01 0.43215E-23
 0.19000E-05 0.10000E+04 0.24390E+00 0.16452E-07 0.73171E+00 0.45509E-08 0.46774E-08 0.58025E-08 0.17571E-12 0.26567E-07 0.14147E-23 0.24390E-01 0.51317E-23
 0.20000E-05 0.10000E+04 0.24390E+00 0.17455E-07 0.73171E+00 0.50017E-08 0.48361E-08 0.64805E-08 0.20697E-12 0.28685E-07 0.15894E-23 0.24390E-01 0.60330E-23
 0.21000E-05 0.10000E+04 0.24390E+00 0.18473E-07 0.73171E+00 0.54682E-08 0.49984E-08 0.71986E-08 0.24179E-12 0.30876E-07 0.17724E-23 0.24390E-01 0.70293E-23
 0.22000E-05 0.10000E+04 0.24390E+00 0.19508E-07 0.73171E+00 0.59499E-08 0.51644E-08 0.79573E-08 0.28038E-12 0.33139E-07 0.19636E-23 0.24390E-01 0.81243E-23
 0.23000E-05 0.10000E+04 0.24390E+00 0.20562E-07 0.73171E+00 0.64467E-08 0.53343E-08 0.87574E-08 0.32296E-12 0.35477E-07 0.21627E-23 0.24390E-01 0.93216E-23
 0.24000E-05 0.10000E+04 0.24390E+00 0.21635E-07 0.73171E+00 0.69585E-08 0.55082E-08 0.95997E-08 0.36975E-12 0.37892E-07 0.23695E-23 0.24390E-01 0.10625E-22
 0.25000E-05 0.10000E+04 0.24390E+00 0.22729E-07 0.73171E+00 0.74852E-08 0.56860E-08 0.10485E-07 0.42096E-12 0.40385E-07 0.25838E-23 0.24390E-01 0.12038E-22
 0.26000E-05 0.10000E+04 0.24390E+00 0.23844E-07 0.73171E+00 0.80268E-08 0.58680E-08 0.11414E-07 0.47682E-12 0.42958E-07 0.28056E-23 0.24390E-01 0.13563E-22
 0.27000E-05 0.10000E+04 0.24390E+00 0.24981E-07 0.73171E+00 0.85833E-08 0.60542E-08 0.12387E-07 0.53756E-12 0.45613E-07 0.30346E-23 0.24390E-01 0.15205E-22
 0.28000E-05 0.10000E+04 0.24390E+00 0.26142E-07 0.73171E+00 0.91548E-08 0.62447E-08 0.13406E-07 0.60342E-12 0.48352E-07 0.32709E-23 0.24390E-01 0.16967E-22
 0.29000E-05 0.10000E+04 0.24390E+00 0.27327E-07 0.73171E+00 0.97413E-08 0.64397E-08 0.14472E-07 0.67463E-12 0.51177E-07 0.35144E-23 0.24390E-01 0.18853E-22
 0.30000E-05 0.10000E+04 0.24390E+00 0.28538E-07 0.73171E+00 0.10343E-07 0.66391E-08 0.15585E-07 0.75146E-12 0.54089E-07 0.37650E-23 0.24390E-01 0.20865E-22
 0.31000E-05 0.10000E+04 0.24390E+00 0.29774E-07 0.73171E+00 0.10960E-07 0.68432E-08 0.16746E-07 0.83414E-12 0.57092E-07 0.40228E-23 0.24390E-01 0.23007E-22
 0.32000E-05 0.10000E+04 0.24390E+00 0.31038E-07 0.73171E+00 0.11593E-07 0.70520E-08 0.17957E-07 0.92294E-12 0.60187E-07 0.42877E-23 0.24390E-01 0.25282E-22
 0.33000E-05 0.10000E+04 0.24390E+00 0.32329E-07 0.73171E+00 0.12241E-07 0.72656E-08 0.19219E-07 0.10181E-11 0.63375E-07 0.45598E-23 0.24390E-01 0.27695E-22
 0.34000E-05 0.10000E+04 0.24390E+00 0.33648E-07 0.73171E+00 0.12905E-07 0.74843E-08 0.20532E-07 0.11200E-11 0.66660E-07 0.48391E-23 0.24390E-01 0.30249E-22
 0.35000E-05 0.10000E+04 0.24390E+00 0.34998E-07 0.73171E+00 0.13586E-07 0.77079E-08 0.21899E-07 0.12287E-11 0.70043E-07 0.51257E-23 0.24390E-01 0.32947E-22
 0.36000E-05 0.10000E+04 0.24390E+00 0.36377E-07 0.73171E+00 0.14283E-07 0.79368E-08 0.23319E-07 0.13447E-11 0.73527E-07 0.54196E-23 0.24390E-01 0.35792E-22
 0.37000E-05 0.10000E+04 0.24390E+00 0.37787E-07 0.73171E+00 0.14997E-07 0.81710E-08 0.24794E-07 0.14682E-11 0.77115E-07 0.57210E-23 0.24390E-01 0.38789E-22
 0.38000E-05 0.10000E+04 0.24390E+00 0.39229E-07 0.73171E+00 0.15728E-07 0.84106E-08 0.26326E-07 0.15995E-11 0.80807E-07 0.60300E-23 0.24390E-01 0.41942E-22
 0.39000E-05 0.10000E+04 0.24390E+00 0.40704E-07 0.73171E+00 0.16476E-07 0.86557E-08 0.27916E-07 0.17390E-11 0.84608E-07 0.63466E-23 0.24390E-01 0.45253E-22
 0.40000E-05 0.10000E+04 0.24390E+00 0.42213E-07 0.73171E+00 0.17242E-07 0.89066E-08 0.29565E-07 0.18869E-11 0.88519E-07 0.66709E-23 0.24390E-01 0.48728E-22
 0.41000E-05 0.10000E+04 0.24390E+00 0.43756E-07 0.73171E+00 0.18026E-07 0.91632E-08 0.31274E-07 0.20435E-11 0.92544E-07 0.70032E-23 0.24390E-01 0.52369E-22
 0.42000E-05 0.10000E+04 0.24390E+00 0.45334E-07 0.73171E+00 0.18829E-07 0.94258E-08 0.33045E-07 0.22092E-11 0.96683E-07 0.73434E-23 0.24390E-01 0.56180E-22
 0.43000E-05 0.10000E+04 0.24390E+00 0.46948E-07 0.73171E+00 0.19651E-07 0.96945E-08 0.34879E-07 0.23844E-11 0.10094E-06 0.76919E-23 0.24390E-01 0.60167E-22
 0.44000E-05 0.10000E+04 0.24390E+00 0.48600E-07 0.73171E+00 0.20492E-07 0.99695E-08 0.36778E-07 0.25694E-11 0.10532E-06 0.80487E-23 0.24390E-01 0.64333E-22
 0.45000E-05 0.10000E+04 0.24390E+00 0.50289E-07 0.73171E+00 0.21353E-07 0.10251E-07 0.38743E-07 0.27645E-11 0.10982E-06 0.84140E-23 0.24390E-01 0.68682E-22
 0.46000E-05 0.10000E+04 0.24390E+00 0.52017E-07 0.73171E+00 0.22234E-07 0.10539E-07 0.40776E-07 0.29702E-11 0.11445E-06 0.87879E-23 0.24390E-01 0.73218E-22
 0.47000E-05 0.10000E+04 0.24390E+00 0.53785E-07 0.73171E+00 0.23135E-07 0.10833E-07 0.42878E-07 0.31867E-11 0.11921E-06 0.91707E-23 0.24390E-01 0.77947E-22
 0.48000E-05 0.10000E+04 0.24390E+00 0.55594E-07 0.73171E+00 0.24058E-07 0.11134E-07 0.45051E-07 0.34146E-11 0.12411E-06 0.95626E-23 0.24390E-01 0.82872E-22
 0.49000E-05 0.10000E+04 0.24390E+00 0.57445E-07 0.73171E+00 0.25002E-07 0.11443E-07 0.47297E-07 0.36541E-11 0.12913E-06 0.99636E-23 0.24390E-01 0.87998E-22
 0.50000E-05 0.10000E+04 0.24390E+00 0.59338E-07 0.73171E+00 0.25968E-07 0.11758E-07 0.49616E-07 0.39058E-11 0.13430E-06 0.10374E-22 0.24390E-01 0.93330E-22
 0.51000E-05 0.10000E+04 0.24390E+00 0.61275E-07 0.73171E+00 0.26956E-07 0.12081E-07 0.52012E-07 0.41700E-11 0.13961E-06 0.10794E-22 0.24390E-01 0.98872E-22
 0.52000E-05 0.10000E+04 0.24390E+00 0.63257E-07 0.73171E+00 0.27968E-07 0.12411E-07 0.54485E-07 0.44471E-11 0.14506E-06 0.11224E-22 0.24390E-01 0.10463E-21
 0.53000E-05 0.10000E+04 0.24390E+00 0.65284E-07 0.73171E+00 0.29003E-07 0.12749E-07 0.57037E-07 0.47377E-11 0.15067E-06 0.11664E-22 0.24390E-01 0.11061E-21
 0.54000E-05 0.10000E+04 0.24390E+00 0.67359E-07 0.73171E+00 0.30062E-07 0.13095E-07 0.59670E-07 0.50422E-11 0.15642E-06 0.12114E-22 0.24390E-01 0.11681E-21
 0.55000E-05 0.10000E+04 0.24390E+00 0.69481E-07 0.73171E+00 0.31146E-07 0.13449E-07 0.62387E-07 0.53610E-11 0.16234E-06 0.12575E-22 0.24390E-01 0.12325E-21
 0.56000E-05 0.10000E+04 0.24390E+00 0.71653E-07 0.73171E+00 0.32255E-07 0.13811E-07 0.65189E-07 0.56946E-11 0.16841E-06 0.13046E-22 0.24390E-01 0.12992E-21
 0.57000E-05 0.10000E+04 0.24390E+00 0.73875E-07 0.73171E+00 0.33390E-07 0.14181E-07 0.68078E-07 0.60436E-11 0.17464E-06 0.13529E-22 0.24390E-01 0.13683E-21
 0.58000E-05 0.10000E+04 0.24390E+00 0.76148E-07 0.73171E+00 0.34551E-07 0.14560E-07 0.71055E-07 0.64085E-11 0.18104E-06 0.14023E-22 0.24390E-01 0.14399E-21
 0.59000E-05 0.10000E+04 0.24390E+00 0.78475E-07 0.73171E+00 0.35739E-07 0.14948E-07 0.74124E-07 0.67898E-11 0.18761E-06 0.14528E-22 0.24390E-01 0.15141E-21
 0.60000E-05 0.10000E+04 0.24390E+00 0.80855E-07 0.73171E+00 0.36955E-07 0.15345E-07 0.77286E-07 0.71880E-11 0.19436E-06 0.15045E-22 0.24390E-01 0.15908E-21
 0.61000E-05 0.10000E+04 0.24390E+00 0.83290E-07 0.73171E+00 0.38198E-07 0.15751E-07 0.80543E-07 0.76036E-11 0.20128E-06 0.15574E-22 0.24390E-01 0.16702E-21
 0.62000E-05 0.10000E+04 0.24390E+00 0.85781E-07 0.73171E+00 0.39471E-07 0.16167E-07 0.83898E-07 0.80374E-11 0.20839E-06 0.16115E-22 0.24390E-01 0.17523E-21
 0.63000E-05 0.10000E+04 0.24390E+00 0.88331E-07 0.73171E+00 0.40773E-07 0.16592E-07 0.87353E-07 0.84899E-11 0.21569E-06 0.16669E-22 0.24390E-01 0.18371E-21
 0.64000E-05 0.10000E+04 0.24390E+00 0.90939E-07 0.73171E+00 0.42106E-07 0.17027E-07 0.90910E-07 0.89616E-11 0.22318E-06 0.17235E-22 0.24390E-01 0.19249E-21
 0.65000E-05 0.10000E+04 0.24390E+00 0.93608E-07 0.73171E+00 0.43469E-07 0.17472E-07 0.94571E-07 0.94532E-11 0.23086E-06 0.17815E-22 0.24390E-01 0.20155E-21
 0.66000E-05 0.10000E+04 0.24390E+00 0.96338E-07 0.73171E+00 0.44864E-07 0.17927E-07 0.98339E-07 0.99654E-11 0.23874E-06 0.18408E-22 0.24390E-01 0.21091E-21
 0.67000E-05 0.10000E+04 0.24390E+00 0.99132E-07 0.73171E+00 0.46291E-07 0.18393E-07 0.10222E-06 0.10499E-10 0.24683E-06 0.19015E-22 0.24390E-01 0.22057E-21
 0.68000E-05 0.10000E+04 0.24390E+00 0.10199E-06 0.73171E+00 0.47752E-07 0.18870E-07 0.10621E-06 0.11054E-10 0.25513E-06 0.19636E-22 0.24390E-01 0.23054E-21
 0.69000E-05 0.10000E+04 0.24390E+00 0.10492E-06 0.73171E+00 0.49246E-07 0.19357E-07 0.11031E-06 0.11632E-10 0.26364E-06 0.20272E-22 0.24390E-01 0.24084E-21
 0.70000E-05 0.10000E+04 0.24390E+00 0.10791E-06 0.73171E+00 0.50775E-07 0.19857E-07 0.11453E-06 0.12234E-10 0.27238E-06 0.20922E-22 0.24390E-01 0.25145E-21
 0.71000E-05 0.10000E+04 0.24390E+00 0.11097E-06 0.73171E+00 0.52339E-07 0.20367E-07 0.11887E-06 0.12859E-10 0.28133E-06 0.21587E-22 0.24390E-01 0.26241E-21
 0.72000E-05 0.10000E+04 0.24390E+00 0.11410E-06 0.73171E+00 0.53940E-07 0.20890E-07 0.12333E-06 0.13509E-10 0.29052E-06 0.22268E-22 0.24390E-01 0.27370E-21
 0.73000E-05 0.10000E+04 0.24390E+00 0.11731E-06 0.73171E+00 0.55578E-07 0.21425E-07 0.12792E-06 0.14185E-10 0.29995E-06 0.22965E-22 0.24390E-01 0.28534E-21
 0.74000E-05 0.10000E+04 0.24390E+00 0.12059E-06 0.73171E+00 0.57254E-07 0.21972E-07 0.13264E-06 0.14888E-10 0.30961E-06 0.23677E-22 0.24390E-01 0.29734E-21
 0.75000E-05 0.10000E+04 0.24390E+00 0.12395E-06 0.73171E+00 0.58968E-07 0.22532E-07 0.13749E-06 0.15618E-10 0.31952E-06 0.24407E-22 0.24390E-01 0.30971E-21
 0.76000E-05 0.10000E+04 0.24390E+00 0.12738E-06 0.73171E+00 0.60723E-07 0.23104E-07 0.14247E-06 0.16376E-10 0.32968E-06 0.25153E-22 0.24390E-01 0.32245E-21
 0.77000E-05 0.10000E+04 0.24390E+00 0.13090E-06 0.73171E+00 0.62518E-07 0.23690E-07 0.14759E-06 0.17163E-10 0.34011E-06 0.25916E-22 0.24390E-01 0.33557E-21
 0.78000E-05 0.10000E+04 0.24390E+00 0.13449E-06 0.73171E+00 0.64355E-07 0.24290E-07 0.15285E-06 0.17981E-10 0.35079E-06 0.26697E-22 0.24390E-01 0.34908E-21
 0.79000E-05 0.10000E+04 0.24390E+00 0.13817E-06 0.73171E+00 0.66234E-07 0.24904E-07 0.15826E-06 0.18829E-10 0.36175E-06 0.27497E-22 0.24390E-01 0.36299E-21
 0.80000E-05 0.10000E+04 0.24390E+00 0.14193E-06 0.73171E+00 0.68157E-07 0.25532E-07 0.16381E-06 0.19710E-10 0.37298E-06 0.28315E-22 0.24390E-01 0.37732E-21
 0.81000E-05 0.10000E+04 0.24390E+00 0.14578E-06 0.73171E+00 0.70124E-07 0.26174E-07 0.16951E-06 0.20623E-10 0.38450E-06 0.29151E-22 0.24390E-01 0.39206E-21
 0.82000E-05 0.10000E+04 0.24390E+00 0.14973E-06 0.73171E+00 0.72138E-07 0.26832E-07 0.17537E-06 0.21571E-10 0.39630E-06 0.30008E-22 0.24390E-01 0.40723E-21
 0.83000E-05 0.10000E+04 0.24390E+00 0.15376E-06 0.73171E+00 0.74197E-07 0.27504E-07 0.18139E-06 0.22554E-10 0.40840E-06 0.30884E-22 0.24390E-01 0.42284E-21
 0.84000E-05 0.10000E+04 0.24390E+00 0.15788E-06 0.73171E+00 0.76305E-07 0.28193E-07 0.18756E-06 0.23573E-10 0.42081E-06 0.31780E-22 0.24390E-01 0.43890E-21
 0.85000E-05 0.10000E+04 0.24390E+00 0.16210E-06 0.73171E+00 0.78461E-07 0.28897E-07 0.19390E-06 0.24630E-10 0.43352E-06 0.32697E-22 0.24390E-01 0.45542E-21
 0.86000E-05 0.10000E+04 0.24390E+00 0.16642E-06 0.73171E+00 0.80668E-07 0.29618E-07 0.20042E-06 0.25725E-10 0.44655E-06 0.33636E-22 0.24390E-01 0.47241E-21
 0.87000E-05 0.10000E+04 0.24390E+00 0.17084E-06 0.73171E+00 0.82926E-07 0.30355E-07 0.20710E-06 0.26860E-10 0.45991E-06 0.34596E-22 0.24390E-01 0.48989E-21
 0.88000E-05 0.10000E+04 0.24390E+00 0.17536E-06 0.73171E+00 0.85236E-07 0.31109E-07 0.21396E-06 0.28037E-10 0.47360E-06 0.35578E-22 0.24390E-01 0.50785E-21
 0.89000E-05 0.10000E+04 0.24390E+00 0.17999E-06 0.73171E+00 0.87599E-07 0.31881E-07 0.22100E-06 0.29256E-10 0.48762E-06 0.36584E-22 0.24390E-01 0.52632E-21
 0.90000E-05 0.10000E+04 0.24390E+00 0.18473E-06 0.73171E+00 0.90018E-07 0.32671E-07 0.22823E-06 0.30519E-10 0.50200E-06 0.37612E-22 0.24390E-01 0.54530E-21
 0.91000E-05 0.10000E+04 0.24390E+00 0.18957E-06 0.73171E+00 0.92492E-07 0.33480E-07 0.23564E-06 0.31827E-10 0.51673E-06 0.38665E-22 0.24390E-01 0.56481E-21
 0.92000E-05 0.10000E+04 0.24390E+00 0.19453E-06 0.73171E+00 0.95024E-07 0.34307E-07 0.24325E-06 0.33182E-10 0.53183E-06 0.39742E-22 0.24390E-01 0.58486E-21
 0.93000E-05 0.10000E+04 0.24390E+00 0.19960E-06 0.73171E+00 0.97615E-07 0.35153E-07 0.25106E-06 0.34585E-10 0.54730E-06 0.40843E-22 0.24390E-01 0.60547E-21
 0.94000E-05 0.10000E+04 0.24390E+00 0.20479E-06 0.73171E+00 0.10027E-06 0.36019E-07 0.25907E-06 0.36038E-10 0.56315E-06 0.41971E-22 0.24390E-01 0.62663E-21
 0.95000E-05 0.10000E+04 0.24390E+00 0.21010E-06 0.73171E+00 0.10298E-06 0.36905E-07 0.26729E-06 0.37542E-10 0.57939E-06 0.43124E-22 0.24390E-01 0.64838E-21
 0.96000E-05 0.10000E+04 0.24390E+00 0.21553E-06 0.73171E+00 0.10575E-06 0.37812E-07 0.27572E-06 0.39100E-10 0.59603E-06 0.44305E-22 0.24390E-01 0.67072E-21
 0.97000E-05 0.10000E+04 0.24390E+00 0.22109E-06 0.73171E+00 0.10859E-06 0.38740E-07 0.28437E-06 0.40712E-10 0.61308E-06 0.45512E-22 0.24390E-01 0.69366E-21
 0.98000E-05 0.10000E+04 0.24390E+00 0.22678E-06 0.73171E+00 0.11150E-06 0.39689E-07 0.29324E-06 0.42381E-10 0.63055E-06 0.46748E-22 0.24390E-01 0.71722E-21
 0.99000E-05 0.10000E+04 0.24390E+00 0.23259E-06 0.73171E+00 0.11447E-06 0.40661E-07 0.30233E-06 0.44109E-10 0.64844E-06 0.48013E-22 0.24390E-01 0.74142E-21
 0.10000E-04 0.10000E+04 0.24390E+00 0.23855E-06 0.73171E+00 0.11751E-06 0.41655E-07 0.31166E-06 0.45896E-10 0.66677E-06 0.49306E-22 0.24390E-01 0.76626E-21
 0.10100E-04 0.10000E+04 0.24390E+00 0.24464E-06 0.73171E+00 0.12062E-06 0.42672E-07 0.32123E-06 0.47746E-10 0.68555E-06 0.50630E-22 0.24390E-01 0.79177E-21
 0.10200E-04 0.10000E+04 0.24390E+00 0.25088E-06 0.73171E+00 0.12381E-06 0.43713E-07 0.33105E-06 0.49661E-10 0.70479E-06 0.51984E-22 0.24390E-01 0.81796E-21
 0.10300E-04 0.10000E+04 0.24390E+00 0.25726E-06 0.73171E+00 0.12707E-06 0.44778E-07 0.34111E-06 0.51642E-10 0.72450E-06 0.53370E-22 0.24390E-01 0.84484E-21
 0.10400E-04 0.10000E+04 0.24390E+00 0.26378E-06 0.73171E+00 0.13040E-06 0.45868E-07 0.35142E-06 0.53691E-10 0.74469E-06 0.54788E-22 0.24390E-01 0.87243E-21
 0.10500E-04 0.10000E+04 0.24390E+00 0.27046E-06 0.73171E+00 0.13381E-06 0.46983E-07 0.36200E-06 0.55812E-10 0.76537E-06 0.56239E-22 0.24390E-01 0.90075E-21
 0.10600E-04 0.10000E+04 0.24390E+00 0.27730E-06 0.73171E+00 0.13730E-06 0.48124E-07 0.37285E-06 0.58005E-10 0.78655E-06 0.57724E-22 0.24390E-01 0.92981E-21
 0.10700E-04 0.10000E+04 0.24390E+00 0.28429E-06 0.73171E+00 0.14087E-06 0.49291E-07 0.38396E-06 0.60275E-10 0.80824E-06 0.59243E-22 0.24390E-01 0.95964E-21
 0.10800E-04 0.10000E+04 0.24390E+00 0.29144E-06 0.73171E+00 0.14453E-06 0.50486E-07 0.39536E-06 0.62622E-10 0.83046E-06 0.60797E-22 0.24390E-01 0.99024E-21
 0.10900E-04 0.10000E+04 0.24390E+00 0.29876E-06 0.73171E+00 0.14827E-06 0.51709E-07 0.40704E-06 0.65051E-10 0.85322E-06 0.62388E-22 0.24390E-01 0.10216E-20
 0.11000E-04 0.10000E+04 0.24390E+00 0.30625E-06 0.73171E+00 0.15209E-06 0.52960E-07 0.41902E-06 0.67563E-10 0.87653E-06 0.64015E-22 0.24390E-01 0.10539E-20
 0.11100E-04 0.10000E+04 0.24390E+00 0.31392E-06 0.73171E+00 0.15601E-06 0.54240E-07 0.43129E-06 0.70161E-10 0.90041E-06 0.65680E-22 0.24390E-01 0.10869E-20
 0.11200E-04 0.10000E+04 0.24390E+00 0.32176E-06 0.73171E+00 0.16001E-06 0.55550E-07 0.44388E-06 0.72848E-10 0.92486E-06 0.67384E-22 0.24390E-01 0.11208E-20
 0.11300E-04 0.10000E+04 0.24390E+00 0.32978E-06 0.73171E+00 0.16411E-06 0.56890E-07 0.45677E-06 0.75628E-10 0.94990E-06 0.69127E-22 0.24390E-01 0.11556E-20
 0.11400E-04 0.10000E+04 0.24390E+00 0.33799E-06 0.73171E+00 0.16831E-06 0.58262E-07 0.46998E-06 0.78503E-10 0.97555E-06 0.70911E-22 0.24390E-01 0.11913E-20
 0.11500E-04 0.10000E+04 0.24390E+00 0.34640E-06 0.73171E+00 0.17260E-06 0.59665E-07 0.48353E-06 0.81476E-10 0.10018E-05 0.72736E-22 0.24390E-01 0.12278E-20
 0.11600E-04 0.10000E+04 0.24390E+00 0.35499E-06 0.73171E+00 0.17699E-06 0.61102E-07 0.49741E-06 0.84552E-10 0.10287E-05 0.74603E-22 0.24390E-01 0.12654E-20
 0.11700E-04 0.10000E+04 0.24390E+00 0.36379E-06 0.73171E+00 0.18148E-06 0.62571E-07 0.51163E-06 0.87733E-10 0.10562E-05 0.76514E-22 0.24390E-01 0.13039E-20
 0.11800E-04 0.10000E+04 0.24390E+00 0.37279E-06 0.73171E+00 0.18608E-06 0.64075E-07 0.52620E-06 0.91022E-10 0.10845E-05 0.78469E-22 0.24390E-01 0.13433E-20
 0.11900E-04 0.10000E+04 0.24390E+00 0.38200E-06 0.73171E+00 0.19078E-06 0.65614E-07 0.54113E-06 0.94425E-10 0.11133E-05 0.80470E-22 0.24390E-01 0.13838E-20
 0.12000E-04 0.10000E+04 0.24390E+00 0.39142E-06 0.73171E+00 0.19559E-06 0.67189E-07 0.55643E-06 0.97944E-10 0.11429E-05 0.82517E-22 0.24390E-01 0.14253E-20
 0.12100E-04 0.10000E+04 0.24390E+00 0.40106E-06 0.73171E+00 0.20052E-06 0.68801E-07 0.57211E-06 0.10158E-09 0.11732E-05 0.84612E-22 0.24390E-01 0.14678E-20
 0.12200E-04 0.10000E+04 0.24390E+00 0.41093E-06 0.73171E+00 0.20555E-06 0.70450E-07 0.58817E-06 0.10535E-09 0.12042E-05 0.86755E-22 0.24390E-01 0.15114E-20
 0.12300E-04 0.10000E+04 0.24390E+00 0.42103E-06 0.73171E+00 0.21071E-06 0.72137E-07 0.60463E-06 0.10924E-09 0.12360E-05 0.88948E-22 0.24390E-01 0.15561E-20
 0.12400E-04 0.10000E+04 0.24390E+00 0.43136E-06 0.73171E+00 0.21598E-06 0.73864E-07 0.62149E-06 0.11327E-09 0.12685E-05 0.91191E-22 0.24390E-01 0.16020E-20
 0.12500E-04 0.10000E+04 0.24390E+00 0.44193E-06 0.73171E+00 0.22138E-06 0.75631E-07 0.63876E-06 0.11743E-09 0.13018E-05 0.93487E-22 0.24390E-01 0.16490E-20
 0.12600E-04 0.10000E+04 0.24390E+00 0.45274E-06 0.73171E+00 0.22691E-06 0.77439E-07 0.65645E-06 0.12174E-09 0.13359E-05 0.95837E-22 0.24390E-01 0.16971E-20
 0.12700E-04 0.10000E+04 0.24390E+00 0.46381E-06 0.73171E+00 0.23256E-06 0.79290E-07 0.67457E-06 0.12620E-09 0.13708E-05 0.98241E-22 0.24390E-01 0.17465E-20
 0.12800E-04 0.10000E+04 0.24390E+00 0.47513E-06 0.73171E+00 0.23834E-06 0.81184E-07 0.69314E-06 0.13081E-09 0.14065E-05 0.10070E-21 0.24390E-01 0.17971E-20
 0.12900E-04 0.10000E+04 0.24390E+00 0.48672E-06 0.73171E+00 0.24426E-06 0.83121E-07 0.71216E-06 0.13558E-09 0.14431E-05 0.10322E-21 0.24390E-01 0.18490E-20
 0.13000E-04 0.10000E+04 0.24390E+00 0.49858E-06 0.73171E+00 0.25031E-06 0.85104E-07 0.73163E-06 0.14051E-09 0.14806E-05 0.10579E-21 0.24390E-01 0.19021E-20
 0.13100E-04 0.10000E+04 0.24390E+00 0.51071E-06 0.73171E+00 0.25650E-06 0.87134E-07 0.75159E-06 0.14562E-09 0.15189E-05 0.10843E-21 0.24390E-01 0.19566E-20
 0.13200E-04 0.10000E+04 0.24390E+00 0.52312E-06 0.73171E+00 0.26284E-06 0.89210E-07 0.77202E-06 0.15090E-09 0.15582E-05 0.11112E-21 0.24390E-01 0.20124E-20
 0.13300E-04 0.10000E+04 0.24390E+00 0.53582E-06 0.73171E+00 0.26933E-06 0.91335E-07 0.79295E-06 0.15636E-09 0.15984E-05 0.11388E-21 0.24390E-01 0.20696E-20
 0.13400E-04 0.10000E+04 0.24390E+00 0.54882E-06 0.73171E+00 0.27597E-06 0.93510E-07 0.81439E-06 0.16202E-09 0.16396E-05 0.11671E-21 0.24390E-01 0.21282E-20
 0.13500E-04 0.10000E+04 0.24390E+00 0.56212E-06 0.73171E+00 0.28276E-06 0.95735E-07 0.83634E-06 0.16786E-09 0.16817E-05 0.11959E-21 0.24390E-01 0.21883E-20
 0.13600E-04 0.10000E+04 0.24390E+00 0.57573E-06 0.73171E+00 0.28970E-06 0.98013E-07 0.85883E-06 0.17392E-09 0.17249E-05 0.12255E-21 0.24390E-01 0.22499E-20
 0.13700E-04 0.10000E+04 0.24390E+00 0.58966E-06 0.73171E+00 0.29681E-06 0.10034E-06 0.88186E-06 0.18018E-09 0.17691E-05 0.12557E-21 0.24390E-01 0.23129E-20
 0.13800E-04 0.10000E+04 0.24390E+00 0.60390E-06 0.73171E+00 0.30409E-06 0.10273E-06 0.90544E-06 0.18666E-09 0.18143E-05 0.12867E-21 0.24390E-01 0.23776E-20
 0.13900E-04 0.10000E+04 0.24390E+00 0.61849E-06 0.73171E+00 0.31153E-06 0.10517E-06 0.92959E-06 0.19337E-09 0.18606E-05 0.13184E-21 0.24390E-01 0.24438E-20
 0.14000E-04 0.10000E+04 0.24390E+00 0.63340E-06 0.73171E+00 0.31915E-06 0.10767E-06 0.95432E-06 0.20031E-09 0.19080E-05 0.13508E-21 0.24390E-01 0.25116E-20
 0.14100E-04 0.10000E+04 0.24390E+00 0.64867E-06 0.73171E+00 0.32694E-06 0.11022E-06 0.97964E-06 0.20750E-09 0.19565E-05 0.13839E-21 0.24390E-01 0.25811E-20
 0.14200E-04 0.10000E+04 0.24390E+00 0.66429E-06 0.73171E+00 0.33492E-06 0.11284E-06 0.10056E-05 0.21494E-09 0.20062E-05 0.14178E-21 0.24390E-01 0.26523E-20
 0.14300E-04 0.10000E+04 0.24390E+00 0.68028E-06 0.73171E+00 0.34308E-06 0.11552E-06 0.10321E-05 0.22264E-09 0.20570E-05 0.14526E-21 0.24390E-01 0.27252E-20
 0.14400E-04 0.10000E+04 0.24390E+00 0.69664E-06 0.73171E+00 0.35143E-06 0.11826E-06 0.10593E-05 0.23061E-09 0.21091E-05 0.14881E-21 0.24390E-01 0.28000E-20
 0.14500E-04 0.10000E+04 0.24390E+00 0.71337E-06 0.73171E+00 0.35997E-06 0.12106E-06 0.10872E-05 0.23887E-09 0.21624E-05 0.15244E-21 0.24390E-01 0.28765E-20
 0.14600E-04 0.10000E+04 0.24390E+00 0.73050E-06 0.73171E+00 0.36872E-06 0.12393E-06 0.11157E-05 0.24741E-09 0.22170E-05 0.15616E-21 0.24390E-01 0.29549E-20
 0.14700E-04 0.10000E+04 0.24390E+00 0.74803E-06 0.73171E+00 0.37766E-06 0.12687E-06 0.11448E-05 0.25626E-09 0.22728E-05 0.15997E-21 0.24390E-01 0.30352E-20
 0.14800E-04 0.10000E+04 0.24390E+00 0.76596E-06 0.73171E+00 0.38682E-06 0.12987E-06 0.11747E-05 0.26543E-09 0.23300E-05 0.16386E-21 0.24390E-01 0.31175E-20
 0.14900E-04 0.10000E+04 0.24390E+00 0.78431E-06 0.73171E+00 0.39618E-06 0.13295E-06 0.12053E-05 0.27492E-09 0.23885E-05 0.16785E-21 0.24390E-01 0.32017E-20
 0.15000E-04 0.10000E+04 0.24390E+00 0.80309E-06 0.73171E+00 0.40577E-06 0.13610E-06 0.12367E-05 0.28475E-09 0.24485E-05 0.17192E-21 0.24390E-01 0.32880E-20
 0.15100E-04 0.10000E+04 0.24390E+00 0.82230E-06 0.73171E+00 0.41557E-06 0.13932E-06 0.12687E-05 0.29493E-09 0.25098E-05 0.17610E-21 0.24390E-01 0.33764E-20
 0.15200E-04 0.10000E+04 0.24390E+00 0.84197E-06 0.73171E+00 0.42561E-06 0.14261E-06 0.13016E-05 0.30548E-09 0.25726E-05 0.18037E-21 0.24390E-01 0.34670E-20
 0.15300E-04 0.10000E+04 0.24390E+00 0.86209E-06 0.73171E+00 0.43588E-06 0.14599E-06 0.13352E-05 0.31641E-09 0.26369E-05 0.18473E-21 0.24390E-01 0.35597E-20
 0.15400E-04 0.10000E+04 0.24390E+00 0.88268E-06 0.73171E+00 0.44639E-06 0.14944E-06 0.13696E-05 0.32773E-09 0.27027E-05 0.18920E-21 0.24390E-01 0.36546E-20
 0.15500E-04 0.10000E+04 0.24390E+00 0.90375E-06 0.73171E+00 0.45714E-06 0.15298E-06 0.14048E-05 0.33946E-09 0.27700E-05 0.19378E-21 0.24390E-01 0.37519E-20
 0.15600E-04 0.10000E+04 0.24390E+00 0.92531E-06 0.73171E+00 0.46814E-06 0.15659E-06 0.14409E-05 0.35162E-09 0.28390E-05 0.19846E-21 0.24390E-01 0.38515E-20
 0.15700E-04 0.10000E+04 0.24390E+00 0.94737E-06 0.73171E+00 0.47940E-06 0.16030E-06 0.14778E-05 0.36422E-09 0.29095E-05 0.20325E-21 0.24390E-01 0.39535E-20
 0.15800E-04 0.10000E+04 0.24390E+00 0.96994E-06 0.73171E+00 0.49092E-06 0.16408E-06 0.15156E-05 0.37727E-09 0.29818E-05 0.20815E-21 0.24390E-01 0.40580E-20
 0.15900E-04 0.10000E+04 0.24390E+00 0.99304E-06 0.73171E+00 0.50271E-06 0.16796E-06 0.15543E-05 0.39081E-09 0.30557E-05 0.21317E-21 0.24390E-01 0.41650E-20
 0.16000E-04 0.10000E+04 0.24390E+00 0.10167E-05 0.73170E+00 0.51477E-06 0.17193E-06 0.15940E-05 0.40484E-09 0.31314E-05 0.21830E-21 0.24390E-01 0.42745E-20
 0.16100E-04 0.10000E+04 0.24390E+00 0.10409E-05 0.73170E+00 0.52711E-06 0.17599E-06 0.16345E-05 0.41938E-09 0.32089E-05 0.22355E-21 0.24390E-01 0.43867E-20
 0.16200E-04 0.10000E+04 0.24390E+00 0.10656E-05 0.73170E+00 0.53974E-06 0.18015E-06 0.16760E-05 0.43446E-09 0.32882E-05 0.22892E-21 0.24390E-01 0.45016E-20
 0.16300E-04 0.10000E+04 0.24390E+00 0.10910E-05 0.73170E+00 0.55267E-06 0.18441E-06 0.17185E-05 0.45010E-09 0.33694E-05 0.23442E-21 0.24390E-01 0.46192E-20
 0.16400E-04 0.10000E+04 0.24390E+00 0.11169E-05 0.73170E+00 0.56589E-06 0.18876E-06 0.17620E-05 0.46631E-09 0.34525E-05 0.24005E-21 0.24390E-01 0.47397E-20
 0.16500E-04 0.10000E+04 0.24390E+00 0.11434E-05 0.73170E+00 0.57943E-06 0.19322E-06 0.18065E-05 0.48313E-09 0.35376E-05 0.24581E-21 0.24390E-01 0.48630E-20
 0.16600E-04 0.10000E+04 0.24390E+00 0.11706E-05 0.73170E+00 0.59328E-06 0.19778E-06 0.18521E-05 0.50057E-09 0.36247E-05 0.25170E-21 0.24390E-01 0.49893E-20
 0.16700E-04 0.10000E+04 0.24390E+00 0.11983E-05 0.73170E+00 0.60745E-06 0.20246E-06 0.18987E-05 0.51866E-09 0.37138E-05 0.25773E-21 0.24390E-01 0.51186E-20
 0.16800E-04 0.10000E+04 0.24390E+00 0.12268E-05 0.73170E+00 0.62195E-06 0.20724E-06 0.19465E-05 0.53743E-09 0.38051E-05 0.26390E-21 0.24390E-01 0.52510E-20
 0.16900E-04 0.10000E+04 0.24390E+00 0.12559E-05 0.73170E+00 0.63679E-06 0.21213E-06 0.19954E-05 0.55690E-09 0.38985E-05 0.27022E-21 0.24390E-01 0.53866E-20
 0.17000E-04 0.10000E+04 0.24390E+00 0.12856E-05 0.73170E+00 0.65197E-06 0.21714E-06 0.20454E-05 0.57711E-09 0.39941E-05 0.27668E-21 0.24390E-01 0.55254E-20
 0.17100E-04 0.10000E+04 0.24390E+00 0.13161E-05 0.73170E+00 0.66751E-06 0.22226E-06 0.20966E-05 0.59807E-09 0.40920E-05 0.28329E-21 0.24390E-01 0.56675E-20
 0.17200E-04 0.10000E+04 0.24390E+00 0.13473E-05 0.73170E+00 0.68341E-06 0.22751E-06 0.21490E-05 0.61983E-09 0.41921E-05 0.29006E-21 0.24390E-01 0.58131E-20
 0.17300E-04 0.10000E+04 0.24390E+00 0.13792E-05 0.73170E+00 0.69968E-06 0.23288E-06 0.22026E-05 0.64241E-09 0.42947E-05 0.29698E-21 0.24390E-01 0.59621E-20
 0.17400E-04 0.10000E+04 0.24390E+00 0.14118E-05 0.73170E+00 0.71633E-06 0.23838E-06 0.22575E-05 0.66585E-09 0.43996E-05 0.30406E-21 0.24390E-01 0.61146E-20
 0.17500E-04 0.10000E+04 0.24390E+00 0.14452E-05 0.73170E+00 0.73337E-06 0.24401E-06 0.23137E-05 0.69019E-09 0.45071E-05 0.31132E-21 0.24390E-01 0.62708E-20
 0.17600E-04 0.10000E+04 0.24390E+00 0.14794E-05 0.73170E+00 0.75081E-06 0.24977E-06 0.23712E-05 0.71545E-09 0.46170E-05 0.31873E-21 0.24390E-01 0.64307E-20
 0.17700E-04 0.10000E+04 0.24390E+00 0.15144E-05 0.73170E+00 0.76865E-06 0.25566E-06 0.24300E-05 0.74168E-09 0.47296E-05 0.32633E-21 0.24390E-01 0.65944E-20
 0.17800E-04 0.10000E+04 0.24390E+00 0.15502E-05 0.73170E+00 0.78691E-06 0.26170E-06 0.24903E-05 0.76892E-09 0.48448E-05 0.33410E-21 0.24390E-01 0.67620E-20
 0.17900E-04 0.10000E+04 0.24390E+00 0.15869E-05 0.73170E+00 0.80559E-06 0.26788E-06 0.25519E-05 0.79721E-09 0.49628E-05 0.34205E-21 0.24390E-01 0.69336E-20
 0.18000E-04 0.10000E+04 0.24390E+00 0.16244E-05 0.73170E+00 0.82471E-06 0.27421E-06 0.26150E-05 0.82659E-09 0.50835E-05 0.35019E-21 0.24390E-01 0.71093E-20
 0.18100E-04 0.10000E+04 0.24390E+00 0.16628E-05 0.73170E+00 0.84428E-06 0.28068E-06 0.26795E-05 0.85711E-09 0.52071E-05 0.35851E-21 0.24390E-01 0.72891E-20
 0.18200E-04 0.10000E+04 0.24390E+00 0.17020E-05 0.73170E+00 0.86430E-06 0.28731E-06 0.27456E-05 0.88882E-09 0.53336E-05 0.36704E-21 0.24390E-01 0.74732E-20
 0.18300E-04 0.10000E+04 0.24390E+00 0.17422E-05 0.73170E+00 0.88479E-06 0.29409E-06 0.28132E-05 0.92176E-09 0.54631E-05 0.37576E-21 0.24390E-01 0.76617E-20
 0.18400E-04 0.10000E+04 0.24390E+00 0.17834E-05 0.73170E+00 0.90576E-06 0.30104E-06 0.28824E-05 0.95598E-09 0.55957E-05 0.38468E-21 0.24390E-01 0.78547E-20
 0.18500E-04 0.10000E+04 0.24389E+00 0.18255E-05 0.73170E+00 0.92722E-06 0.30815E-06 0.29532E-05 0.99154E-09 0.57313E-05 0.39381E-21 0.24390E-01 0.80522E-20
 0.18600E-04 0.10000E+04 0.24389E+00 0.18686E-05 0.73170E+00 0.94918E-06 0.31543E-06 0.30257E-05 0.10285E-08 0.58702E-05 0.40316E-21 0.24390E-01 0.82545E-20
 0.18700E-04 0.10000E+04 0.24389E+00 0.19127E-05 0.73170E+00 0.97165E-06 0.32289E-06 0.30999E-05 0.10669E-08 0.60124E-05 0.41272E-21 0.24390E-01 0.84615E-20
 0.18800E-04 0.10000E+04 0.24389E+00 0.19578E-05 0.73170E+00 0.99465E-06 0.33052E-06 0.31758E-05 0.11068E-08 0.61579E-05 0.42251E-21 0.24390E-01 0.86734E-20
 0.18900E-04 0.10000E+04 0.24389E+00 0.20040E-05 0.73170E+00 0.10182E-05 0.33833E-06 0.32534E-05 0.11483E-08 0.63069E-05 0.43253E-21 0.24390E-01 0.88904E-20
 0.19000E-04 0.10000E+04 0.24389E+00 0.20513E-05 0.73170E+00 0.10423E-05 0.34632E-06 0.33329E-05 0.11915E-08 0.64594E-05 0.44278E-21 0.24390E-01 0.91125E-20
 0.19100E-04 0.10000E+04 0.24389E+00 0.20996E-05 0.73170E+00 0.10669E-05 0.35451E-06 0.34142E-05 0.12364E-08 0.66155E-05 0.45327E-21 0.24390E-01 0.93398E-20
 0.19200E-04 0.10000E+04 0.24389E+00 0.21492E-05 0.73170E+00 0.10921E-05 0.36289E-06 0.34975E-05 0.12830E-08 0.67753E-05 0.46401E-21 0.24390E-01 0.95726E-20
 0.19300E-04 0.10000E+04 0.24389E+00 0.21998E-05 0.73170E+00 0.11180E-05 0.37148E-06 0.35826E-05 0.13315E-08 0.69388E-05 0.47500E-21 0.24390E-01 0.98108E-20
 0.19400E-04 0.10000E+04 0.24389E+00 0.22517E-05 0.73170E+00 0.11444E-05 0.38026E-06 0.36698E-05 0.13820E-08 0.71063E-05 0.48624E-21 0.24390E-01 0.10055E-19
 0.19500E-04 0.10000E+04 0.24389E+00 0.23048E-05 0.73170E+00 0.11714E-05 0.38926E-06 0.37589E-05 0.14345E-08 0.72777E-05 0.49775E-21 0.24390E-01 0.10304E-19
 0.19600E-04 0.10000E+04 0.24389E+00 0.23591E-05 0.73170E+00 0.11991E-05 0.39847E-06 0.38502E-05 0.14891E-08 0.74531E-05 0.50953E-21 0.24390E-01 0.10560E-19
 0.19700E-04 0.10000E+04 0.24389E+00 0.24147E-05 0.73170E+00 0.12274E-05 0.40791E-06 0.39436E-05 0.15459E-08 0.76327E-05 0.52159E-21 0.24390E-01 0.10822E-19
 0.19800E-04 0.10000E+04 0.24389E+00 0.24716E-05 0.73170E+00 0.12564E-05 0.41756E-06 0.40391E-05 0.16050E-08 0.78166E-05 0.53392E-21 0.24390E-01 0.11089E-19
 0.19900E-04 0.10000E+04 0.24389E+00 0.25299E-05 0.73170E+00 0.12860E-05 0.42745E-06 0.41369E-05 0.16665E-08 0.80048E-05 0.54655E-21 0.24390E-01 0.11364E-19
 0.20000E-04 0.10000E+04 0.24389E+00 0.25895E-05 0.73170E+00 0.13164E-05 0.43758E-06 0.42369E-05 0.17304E-08 0.81975E-05 0.55947E-21 0.24390E-01 0.11644E-19
 0.20100E-04 0.10000E+04 0.24389E+00 0.26505E-05 0.73170E+00 0.13474E-05 0.44795E-06 0.43392E-05 0.17970E-08 0.83947E-05 0.57270E-21 0.24390E-01 0.11931E-19
 0.20200E-04 0.10000E+04 0.24389E+00 0.27129E-05 0.73170E+00 0.13792E-05 0.45856E-06 0.44440E-05 0.18663E-08 0.85966E-05 0.58623E-21 0.24390E-01 0.12225E-19
 0.20300E-04 0.10000E+04 0.24389E+00 0.27769E-05 0.73170E+00 0.14118E-05 0.46943E-06 0.45511E-05 0.19385E-08 0.88033E-05 0.60009E-21 0.24390E-01 0.12526E-19
 0.20400E-04 0.10000E+04 0.24389E+00 0.28423E-05 0.73170E+00 0.14451E-05 0.48057E-06 0.46608E-05 0.20136E-08 0.90149E-05 0.61426E-21 0.24390E-01 0.12835E-19
 0.20500E-04 0.10000E+04 0.24389E+00 0.29092E-05 0.73170E+00 0.14792E-05 0.49197E-06 0.47730E-05 0.20917E-08 0.92315E-05 0.62878E-21 0.24390E-01 0.13150E-19
 0.20600E-04 0.10000E+04 0.24389E+00 0.29778E-05 0.73170E+00 0.15140E-05 0.50364E-06 0.48877E-05 0.21731E-08 0.94533E-05 0.64363E-21 0.24390E-01 0.13473E-19
 0.20700E-04 0.10000E+04 0.24389E+00 0.30479E-05 0.73170E+00 0.15497E-05 0.51560E-06 0.50052E-05 0.22579E-08 0.96803E-05 0.65883E-21 0.24390E-01 0.13803E-19
 0.20800E-04 0.10000E+04 0.24389E+00 0.31198E-05 0.73170E+00 0.15863E-05 0.52784E-06 0.51253E-05 0.23462E-08 0.99127E-05 0.67439E-21 0.24390E-01 0.14141E-19
 0.20900E-04 0.10000E+04 0.24389E+00 0.31933E-05 0.73170E+00 0.16237E-05 0.54038E-06 0.52483E-05 0.24381E-08 0.10151E-04 0.69031E-21 0.24390E-01 0.14488E-19
 0.21000E-04 0.10000E+04 0.24389E+00 0.32685E-05 0.73170E+00 0.16619E-05 0.55323E-06 0.53741E-05 0.25338E-08 0.10394E-04 0.70661E-21 0.24390E-01 0.14842E-19
 0.21100E-04 0.10000E+04 0.24389E+00 0.33455E-05 0.73170E+00 0.17011E-05 0.56638E-06 0.55028E-05 0.26335E-08 0.10644E-04 0.72329E-21 0.24390E-01 0.15205E-19
 0.21200E-04 0.10000E+04 0.24389E+00 0.34244E-05 0.73170E+00 0.17412E-05 0.57985E-06 0.56345E-05 0.27374E-08 0.10899E-04 0.74037E-21 0.24390E-01 0.15576E-19
 0.21300E-04 0.10000E+04 0.24389E+00 0.35051E-05 0.73170E+00 0.17822E-05 0.59365E-06 0.57692E-05 0.28455E-08 0.11160E-04 0.75784E-21 0.24390E-01 0.15956E-19
 0.21400E-04 0.10000E+04 0.24389E+00 0.35877E-05 0.73170E+00 0.18242E-05 0.60778E-06 0.59070E-05 0.29583E-08 0.11428E-04 0.77573E-21 0.24390E-01 0.16345E-19
 0.21500E-04 0.10000E+04 0.24389E+00 0.36722E-05 0.73170E+00 0.18672E-05 0.62225E-06 0.60480E-05 0.30757E-08 0.11702E-04 0.79404E-21 0.24390E-01 0.16744E-19
 0.21600E-04 0.10000E+04 0.24389E+00 0.37588E-05 0.73170E+00 0.19112E-05 0.63708E-06 0.61923E-05 0.31981E-08 0.11982E-04 0.81278E-21 0.24390E-01 0.17151E-19
 0.21700E-04 0.10000E+04 0.24389E+00 0.38474E-05 0.73170E+00 0.19562E-05 0.65226E-06 0.63399E-05 0.33256E-08 0.12270E-04 0.83197E-21 0.24390E-01 0.17569E-19
 0.21800E-04 0.10000E+04 0.24389E+00 0.39381E-05 0.73170E+00 0.20023E-05 0.66782E-06 0.64909E-05 0.34585E-08 0.12564E-04 0.85160E-21 0.24390E-01 0.17996E-19
 0.21900E-04 0.10001E+04 0.24389E+00 0.40309E-05 0.73170E+00 0.20495E-05 0.68375E-06 0.66454E-05 0.35970E-08 0.12865E-04 0.87170E-21 0.24390E-01 0.18433E-19
 0.22000E-04 0.10001E+04 0.24389E+00 0.41260E-05 0.73170E+00 0.20978E-05 0.70008E-06 0.68034E-05 0.37414E-08 0.13173E-04 0.89228E-21 0.24390E-01 0.18881E-19
 0.22100E-04 0.10001E+04 0.24388E+00 0.42233E-05 0.73170E+00 0.21472E-05 0.71680E-06 0.69651E-05 0.38918E-08 0.13489E-04 0.91334E-21 0.24390E-01 0.19339E-19
 0.22200E-04 0.10001E+04 0.24388E+00 0.43229E-05 0.73170E+00 0.21978E-05 0.73393E-06 0.71305E-05 0.40487E-08 0.13812E-04 0.93489E-21 0.24390E-01 0.19808E-19
 0.22300E-04 0.10001E+04 0.24388E+00 0.44249E-05 0.73170E+00 0.22496E-05 0.75148E-06 0.72997E-05 0.42122E-08 0.14143E-04 0.95696E-21 0.24390E-01 0.20288E-19
 0.22400E-04 0.10001E+04 0.24388E+00 0.45293E-05 0.73170E+00 0.23026E-05 0.76946E-06 0.74728E-05 0.43827E-08 0.14481E-04 0.97955E-21 0.24390E-01 0.20779E-19
 0.22500E-04 0.10001E+04 0.24388E+00 0.46362E-05 0.73170E+00 0.23569E-05 0.78788E-06 0.76499E-05 0.45605E-08 0.14828E-04 0.10027E-20 0.24390E-01 0.21282E-19
 0.22600E-04 0.10001E+04 0.24388E+00 0.47456E-05 0.73170E+00 0.24125E-05 0.80675E-06 0.78310E-05 0.47458E-08 0.15184E-04 0.10263E-20 0.24390E-01 0.21797E-19
 0.22700E-04 0.10001E+04 0.24388E+00 0.48576E-05 0.73170E+00 0.24693E-05 0.82609E-06 0.80164E-05 0.49391E-08 0.15547E-04 0.10506E-20 0.24390E-01 0.22324E-19
 0.22800E-04 0.10001E+04 0.24388E+00 0.49723E-05 0.73170E+00 0.25275E-05 0.84590E-06 0.82059E-05 0.51406E-08 0.15920E-04 0.10754E-20 0.24390E-01 0.22863E-19
 0.22900E-04 0.10001E+04 0.24388E+00 0.50897E-05 0.73170E+00 0.25871E-05 0.86620E-06 0.83999E-05 0.53508E-08 0.16301E-04 0.11008E-20 0.24390E-01 0.23416E-19
 0.23000E-04 0.10001E+04 0.24388E+00 0.52099E-05 0.73169E+00 0.26481E-05 0.88700E-06 0.85982E-05 0.55701E-08 0.16692E-04 0.11268E-20 0.24390E-01 0.23981E-19
 0.23100E-04 0.10001E+04 0.24388E+00 0.53330E-05 0.73169E+00 0.27105E-05 0.90832E-06 0.88011E-05 0.57987E-08 0.17092E-04 0.11534E-20 0.24390E-01 0.24559E-19
 0.23200E-04 0.10001E+04 0.24388E+00 0.54591E-05 0.73169E+00 0.27744E-05 0.93016E-06 0.90087E-05 0.60372E-08 0.17501E-04 0.11806E-20 0.24390E-01 0.25152E-19
 0.23300E-04 0.10001E+04 0.24388E+00 0.55881E-05 0.73169E+00 0.28399E-05 0.95255E-06 0.92210E-05 0.62860E-08 0.17920E-04 0.12085E-20 0.24390E-01 0.25758E-19
 0.23400E-04 0.10001E+04 0.24388E+00 0.57202E-05 0.73169E+00 0.29068E-05 0.97549E-06 0.94382E-05 0.65456E-08 0.18350E-04 0.12371E-20 0.24390E-01 0.26379E-19
 0.23500E-04 0.10001E+04 0.24388E+00 0.58555E-05 0.73169E+00 0.29754E-05 0.99900E-06 0.96604E-05 0.68163E-08 0.18790E-04 0.12663E-20 0.24390E-01 0.27014E-19
 0.23600E-04 0.10001E+04 0.24388E+00 0.59940E-05 0.73169E+00 0.30456E-05 0.10231E-05 0.98876E-05 0.70988E-08 0.19240E-04 0.12962E-20 0.24390E-01 0.27664E-19
 0.23700E-04 0.10001E+04 0.24388E+00 0.61358E-05 0.73169E+00 0.31175E-05 0.10478E-05 0.10120E-04 0.73936E-08 0.19702E-04 0.13269E-20 0.24390E-01 0.28330E-19
 0.23800E-04 0.10001E+04 0.24388E+00 0.62811E-05 0.73169E+00 0.31911E-05 0.10731E-05 0.10358E-04 0.77011E-08 0.20174E-04 0.13583E-20 0.24391E-01 0.29011E-19
 0.23900E-04 0.10001E+04 0.24388E+00 0.64298E-05 0.73169E+00 0.32664E-05 0.10991E-05 0.10601E-04 0.80220E-08 0.20658E-04 0.13904E-20 0.24391E-01 0.29709E-19
 0.24000E-04 0.10001E+04 0.24387E+00 0.65821E-05 0.73169E+00 0.33435E-05 0.11257E-05 0.10850E-04 0.83569E-08 0.21154E-04 0.14233E-20 0.24391E-01 0.30423E-19
 0.24100E-04 0.10001E+04 0.24387E+00 0.67380E-05 0.73169E+00 0.34224E-05 0.11529E-05 0.11104E-04 0.87063E-08 0.21661E-04 0.14569E-20 0.24391E-01 0.31154E-19
 0.24200E-04 0.10001E+04 0.24387E+00 0.68977E-05 0.73169E+00 0.35033E-05 0.11809E-05 0.11364E-04 0.90710E-08 0.22181E-04 0.14914E-20 0.24391E-01 0.31902E-19
 0.24300E-04 0.10001E+04 0.24387E+00 0.70612E-05 0.73169E+00 0.35860E-05 0.12095E-05 0.11631E-04 0.94516E-08 0.22714E-04 0.15267E-20 0.24391E-01 0.32668E-19
 0.24400E-04 0.10001E+04 0.24387E+00 0.72287E-05 0.73169E+00 0.36708E-05 0.12389E-05 0.11903E-04 0.98488E-08 0.23259E-04 0.15629E-20 0.24391E-01 0.33453E-19
 0.24500E-04 0.10001E+04 0.24387E+00 0.74002E-05 0.73169E+00 0.37575E-05 0.12690E-05 0.12181E-04 0.10263E-07 0.23818E-04 0.15999E-20 0.24391E-01 0.34255E-19
 0.24600E-04 0.10001E+04 0.24387E+00 0.75758E-05 0.73169E+00 0.38463E-05 0.12999E-05 0.12466E-04 0.10696E-07 0.24390E-04 0.16378E-20 0.24391E-01 0.35077E-19
 0.24700E-04 0.10001E+04 0.24387E+00 0.77557E-05 0.73169E+00 0.39373E-05 0.13316E-05 0.12757E-04 0.11148E-07 0.24976E-04 0.16766E-20 0.24391E-01 0.35918E-19
 0.24800E-04 0.10001E+04 0.24387E+00 0.79400E-05 0.73169E+00 0.40304E-05 0.13640E-05 0.13055E-04 0.11619E-07 0.25577E-04 0.17163E-20 0.24391E-01 0.36780E-19
 0.24900E-04 0.10001E+04 0.24387E+00 0.81286E-05 0.73169E+00 0.41258E-05 0.13973E-05 0.13359E-04 0.12112E-07 0.26192E-04 0.17570E-20 0.24391E-01 0.37661E-19
 0.25000E-04 0.10001E+04 0.24387E+00 0.83219E-05 0.73169E+00 0.42234E-05 0.14315E-05 0.13671E-04 0.12626E-07 0.26822E-04 0.17987E-20 0.24391E-01 0.38564E-19
 0.25100E-04 0.10001E+04 0.24387E+00 0.85198E-05 0.73169E+00 0.43234E-05 0.14665E-05 0.13990E-04 0.13162E-07 0.27468E-04 0.18414E-20 0.24391E-01 0.39488E-19
 0.25200E-04 0.10001E+04 0.24387E+00 0.87226E-05 0.73169E+00 0.44258E-05 0.15024E-05 0.14315E-04 0.13722E-07 0.28130E-04 0.18851E-20 0.24391E-01 0.40434E-19
