# T(SEC)      TMP(K)       H2         H          O          O2         OH         H2O        H2O2       HO2        CH2        CH3        CH4        CO         HCO        CH2O       CH3O       C2H6       N2        
0.00000E+00 0.20000E+04 0.00000E+00 0.00000E+00 0.00000E+00 0.19011E+00 0.00000E+00 0.00000E+00 0.00000E+00 0.00000E+00 0.00000E+00 0.00000E+00 0.95057E-01 0.00000E+00 0.00000E+00 0.00000E+00 0.00000E+00 0.00000E+00 0.71483E+00
0.10000E-06 0.19998E+04 0.42071E-05 0.89654E-05 0.11704E-05 0.19011E+00 0.15110E-05 0.27516E-06 0.11655E-09 0.28834E-06 0.00000E+00 0.19584E-04 0.95036E-01 0.30593E-12 0.13726E-11 0.56326E-07 0.32423E-07 0.17624E-09 0.71482E+00
0.20000E-06 0.19997E+04 0.12797E-04 0.12030E-04 0.28530E-05 0.19010E+00 0.44997E-05 0.17730E-05 0.41496E-09 0.66107E-06 0.00000E+00 0.45622E-04 0.95008E-01 0.10116E-10 0.22173E-10 0.30104E-06 0.10459E-06 0.18107E-08 0.71481E+00
0.30000E-06 0.19995E+04 0.22882E-04 0.13082E-04 0.41424E-05 0.19010E+00 0.75939E-05 0.48469E-05 0.87611E-09 0.11551E-05 0.00000E+00 0.75466E-04 0.94976E-01 0.73822E-10 0.10440E-09 0.80638E-06 0.19705E-06 0.72027E-08 0.71480E+00
0.40000E-06 0.19994E+04 0.33475E-04 0.13450E-04 0.50211E-05 0.19009E+00 0.10272E-04 0.93917E-05 0.15106E-08 0.17905E-05 0.00000E+00 0.10768E-03 0.94942E-01 0.28829E-09 0.29528E-09 0.16134E-05 0.30132E-06 0.19128E-07 0.71479E+00
0.50000E-06 0.19992E+04 0.44244E-04 0.13587E-04 0.56263E-05 0.19008E+00 0.12435E-04 0.15160E-04 0.23341E-08 0.25789E-05 0.00000E+00 0.14142E-03 0.94905E-01 0.79979E-09 0.63346E-09 0.27470E-05 0.41308E-06 0.40509E-07 0.71478E+00
0.60000E-06 0.19991E+04 0.55075E-04 0.13647E-04 0.60745E-05 0.19007E+00 0.14151E-04 0.21903E-04 0.33601E-08 0.35272E-05 0.00000E+00 0.17615E-03 0.94868E-01 0.17918E-08 0.11462E-08 0.42234E-05 0.52988E-06 0.74215E-07 0.71477E+00
0.70000E-06 0.19989E+04 0.65932E-04 0.13683E-04 0.64390E-05 0.19006E+00 0.15528E-04 0.29421E-04 0.45986E-08 0.46391E-05 0.00000E+00 0.21154E-03 0.94829E-01 0.34738E-08 0.18527E-08 0.60534E-05 0.65028E-06 0.12296E-06 0.71476E+00
0.80000E-06 0.19988E+04 0.76803E-04 0.13712E-04 0.67612E-05 0.19005E+00 0.16669E-04 0.37570E-04 0.60560E-08 0.59168E-05 0.00000E+00 0.24738E-03 0.94789E-01 0.60741E-08 0.27682E-08 0.82450E-05 0.77344E-06 0.18927E-06 0.71475E+00
0.90000E-06 0.19987E+04 0.87685E-04 0.13742E-04 0.70626E-05 0.19004E+00 0.17654E-04 0.46251E-04 0.77362E-08 0.73609E-05 0.00000E+00 0.28353E-03 0.94749E-01 0.98377E-08 0.39072E-08 0.10804E-04 0.89887E-06 0.27545E-06 0.71474E+00
0.10000E-05 0.19985E+04 0.98580E-04 0.13773E-04 0.73544E-05 0.19003E+00 0.18540E-04 0.55399E-04 0.96414E-08 0.89717E-05 0.00000E+00 0.31992E-03 0.94708E-01 0.15027E-07 0.52851E-08 0.13737E-04 0.10263E-05 0.38360E-06 0.71473E+00
0.11000E-05 0.19984E+04 0.10949E-03 0.13808E-04 0.76418E-05 0.19002E+00 0.19365E-04 0.64975E-04 0.11772E-07 0.10749E-04 0.00000E+00 0.35648E-03 0.94666E-01 0.21921E-07 0.69189E-08 0.17047E-04 0.11557E-05 0.51564E-06 0.71471E+00
0.12000E-05 0.19983E+04 0.12041E-03 0.13845E-04 0.79275E-05 0.19001E+00 0.20156E-04 0.74956E-04 0.14128E-07 0.12691E-04 0.00000E+00 0.39320E-03 0.94624E-01 0.30820E-07 0.88270E-08 0.20738E-04 0.12869E-05 0.67332E-06 0.71470E+00
0.13000E-05 0.19981E+04 0.13135E-03 0.13885E-04 0.82126E-05 0.18999E+00 0.20929E-04 0.85327E-04 0.16709E-07 0.14798E-04 0.00000E+00 0.43004E-03 0.94581E-01 0.42046E-07 0.11029E-07 0.24817E-04 0.14201E-05 0.85826E-06 0.71469E+00
0.14000E-05 0.19980E+04 0.14231E-03 0.13929E-04 0.84978E-05 0.18998E+00 0.21693E-04 0.96083E-04 0.19514E-07 0.17068E-04 0.00000E+00 0.46699E-03 0.94538E-01 0.55944E-07 0.13547E-07 0.29285E-04 0.15553E-05 0.10719E-05 0.71468E+00
0.15000E-05 0.19979E+04 0.15330E-03 0.13975E-04 0.87832E-05 0.18997E+00 0.22457E-04 0.10722E-03 0.22541E-07 0.19501E-04 0.00000E+00 0.50405E-03 0.94494E-01 0.72883E-07 0.16401E-07 0.34149E-04 0.16926E-05 0.13157E-05 0.71467E+00
0.16000E-05 0.19977E+04 0.16430E-03 0.14025E-04 0.90689E-05 0.18995E+00 0.23224E-04 0.11874E-03 0.25788E-07 0.22095E-04 0.00000E+00 0.54121E-03 0.94449E-01 0.93256E-07 0.19615E-07 0.39412E-04 0.18322E-05 0.15908E-05 0.71466E+00
0.17000E-05 0.19976E+04 0.17533E-03 0.14079E-04 0.93550E-05 0.18994E+00 0.23997E-04 0.13065E-03 0.29254E-07 0.24849E-04 0.00000E+00 0.57847E-03 0.94404E-01 0.11748E-06 0.23213E-07 0.45080E-04 0.19740E-05 0.18984E-05 0.71465E+00
0.18000E-05 0.19975E+04 0.18639E-03 0.14136E-04 0.96415E-05 0.18992E+00 0.24777E-04 0.14294E-03 0.32937E-07 0.27762E-04 0.00000E+00 0.61583E-03 0.94359E-01 0.14602E-06 0.27220E-07 0.51156E-04 0.21184E-05 0.22397E-05 0.71464E+00
0.19000E-05 0.19974E+04 0.19748E-03 0.14196E-04 0.99284E-05 0.18991E+00 0.25567E-04 0.15563E-03 0.36835E-07 0.30832E-04 0.00000E+00 0.65328E-03 0.94312E-01 0.17933E-06 0.31660E-07 0.57647E-04 0.22653E-05 0.26156E-05 0.71463E+00
0.20000E-05 0.19973E+04 0.20860E-03 0.14259E-04 0.10216E-04 0.18989E+00 0.26366E-04 0.16871E-03 0.40946E-07 0.34058E-04 0.00000E+00 0.69083E-03 0.94265E-01 0.21792E-06 0.36561E-07 0.64557E-04 0.24150E-05 0.30271E-05 0.71462E+00
0.21000E-05 0.19971E+04 0.21976E-03 0.14327E-04 0.10503E-04 0.18987E+00 0.27177E-04 0.18220E-03 0.45268E-07 0.37439E-04 0.00000E+00 0.72847E-03 0.94218E-01 0.26234E-06 0.41950E-07 0.71892E-04 0.25675E-05 0.34751E-05 0.71461E+00
0.22000E-05 0.19970E+04 0.23095E-03 0.14398E-04 0.10792E-04 0.18985E+00 0.27999E-04 0.19609E-03 0.49799E-07 0.40973E-04 0.00000E+00 0.76620E-03 0.94170E-01 0.31314E-06 0.47856E-07 0.79657E-04 0.27230E-05 0.39605E-05 0.71460E+00
0.23000E-05 0.19969E+04 0.24218E-03 0.14472E-04 0.11080E-04 0.18984E+00 0.28833E-04 0.21040E-03 0.54537E-07 0.44660E-04 0.00000E+00 0.80402E-03 0.94121E-01 0.37094E-06 0.54309E-07 0.87857E-04 0.28815E-05 0.44840E-05 0.71459E+00
0.24000E-05 0.19968E+04 0.25346E-03 0.14550E-04 0.11369E-04 0.18982E+00 0.29679E-04 0.22512E-03 0.59480E-07 0.48497E-04 0.00000E+00 0.84194E-03 0.94072E-01 0.43636E-06 0.61341E-07 0.96500E-04 0.30434E-05 0.50464E-05 0.71458E+00
0.25000E-05 0.19967E+04 0.26477E-03 0.14632E-04 0.11659E-04 0.18980E+00 0.30538E-04 0.24028E-03 0.64626E-07 0.52484E-04 0.00000E+00 0.87995E-03 0.94022E-01 0.51008E-06 0.68985E-07 0.10559E-03 0.32086E-05 0.56486E-05 0.71457E+00
0.26000E-05 0.19966E+04 0.27614E-03 0.14718E-04 0.11949E-04 0.18978E+00 0.31410E-04 0.25586E-03 0.69972E-07 0.56619E-04 0.00000E+00 0.91806E-03 0.93972E-01 0.59281E-06 0.77274E-07 0.11514E-03 0.33773E-05 0.62910E-05 0.71456E+00
0.27000E-05 0.19965E+04 0.28755E-03 0.14808E-04 0.12239E-04 0.18976E+00 0.32297E-04 0.27189E-03 0.75517E-07 0.60901E-04 0.00000E+00 0.95625E-03 0.93920E-01 0.68529E-06 0.86244E-07 0.12514E-03 0.35496E-05 0.69745E-05 0.71455E+00
0.28000E-05 0.19964E+04 0.29901E-03 0.14902E-04 0.12530E-04 0.18973E+00 0.33197E-04 0.28836E-03 0.81258E-07 0.65328E-04 0.00000E+00 0.99454E-03 0.93869E-01 0.78832E-06 0.95932E-07 0.13562E-03 0.37256E-05 0.76996E-05 0.71454E+00
0.29000E-05 0.19963E+04 0.31053E-03 0.15000E-04 0.12821E-04 0.18971E+00 0.34112E-04 0.30529E-03 0.87192E-07 0.69899E-04 0.00000E+00 0.10329E-02 0.93816E-01 0.90273E-06 0.10638E-06 0.14657E-03 0.39056E-05 0.84671E-05 0.71453E+00
0.30000E-05 0.19962E+04 0.32210E-03 0.15101E-04 0.13113E-04 0.18969E+00 0.35042E-04 0.32268E-03 0.93319E-07 0.74613E-04 0.00000E+00 0.10714E-02 0.93763E-01 0.10294E-05 0.11762E-06 0.15799E-03 0.40895E-05 0.92773E-05 0.71452E+00
0.31000E-05 0.19961E+04 0.33373E-03 0.15208E-04 0.13406E-04 0.18967E+00 0.35988E-04 0.34054E-03 0.99634E-07 0.79468E-04 0.00000E+00 0.11100E-02 0.93709E-01 0.11692E-05 0.12971E-06 0.16991E-03 0.42776E-05 0.10131E-04 0.71451E+00
0.32000E-05 0.19960E+04 0.34543E-03 0.15318E-04 0.13699E-04 0.18964E+00 0.36950E-04 0.35888E-03 0.10614E-06 0.84463E-04 0.00000E+00 0.11486E-02 0.93654E-01 0.13232E-05 0.14268E-06 0.18233E-03 0.44700E-05 0.11029E-04 0.71450E+00
0.33000E-05 0.19959E+04 0.35718E-03 0.15433E-04 0.13993E-04 0.18962E+00 0.37928E-04 0.37770E-03 0.11282E-06 0.89597E-04 0.00000E+00 0.11874E-02 0.93599E-01 0.14924E-05 0.15657E-06 0.19524E-03 0.46667E-05 0.11971E-04 0.71449E+00
0.34000E-05 0.19958E+04 0.36901E-03 0.15552E-04 0.14287E-04 0.18959E+00 0.38923E-04 0.39701E-03 0.11969E-06 0.94867E-04 0.00000E+00 0.12263E-02 0.93543E-01 0.16779E-05 0.17145E-06 0.20867E-03 0.48679E-05 0.12958E-04 0.71448E+00
0.35000E-05 0.19958E+04 0.38090E-03 0.15675E-04 0.14582E-04 0.18957E+00 0.39935E-04 0.41683E-03 0.12674E-06 0.10027E-03 0.00000E+00 0.12652E-02 0.93486E-01 0.18807E-05 0.18736E-06 0.22262E-03 0.50737E-05 0.13991E-04 0.71447E+00
0.36000E-05 0.19957E+04 0.39287E-03 0.15804E-04 0.14878E-04 0.18954E+00 0.40964E-04 0.43717E-03 0.13397E-06 0.10581E-03 0.00000E+00 0.13043E-02 0.93429E-01 0.21021E-05 0.20435E-06 0.23709E-03 0.52843E-05 0.15070E-04 0.71446E+00
0.37000E-05 0.19956E+04 0.40491E-03 0.15936E-04 0.15174E-04 0.18951E+00 0.42012E-04 0.45802E-03 0.14137E-06 0.11149E-03 0.00000E+00 0.13434E-02 0.93370E-01 0.23433E-05 0.22247E-06 0.25210E-03 0.54998E-05 0.16196E-04 0.71445E+00
0.38000E-05 0.19955E+04 0.41703E-03 0.16074E-04 0.15471E-04 0.18949E+00 0.43078E-04 0.47940E-03 0.14895E-06 0.11730E-03 0.00000E+00 0.13827E-02 0.93311E-01 0.26057E-05 0.24179E-06 0.26765E-03 0.57203E-05 0.17368E-04 0.71444E+00
0.39000E-05 0.19955E+04 0.42923E-03 0.16217E-04 0.15769E-04 0.18946E+00 0.44163E-04 0.50133E-03 0.15669E-06 0.12323E-03 0.00000E+00 0.14221E-02 0.93252E-01 0.28906E-05 0.26236E-06 0.28375E-03 0.59458E-05 0.18588E-04 0.71443E+00
0.40000E-05 0.19954E+04 0.44152E-03 0.16364E-04 0.16067E-04 0.18943E+00 0.45267E-04 0.52380E-03 0.16461E-06 0.12930E-03 0.00000E+00 0.14615E-02 0.93191E-01 0.31994E-05 0.28425E-06 0.30042E-03 0.61767E-05 0.19856E-04 0.71442E+00
0.41000E-05 0.19953E+04 0.45389E-03 0.16516E-04 0.16367E-04 0.18940E+00 0.46391E-04 0.54683E-03 0.17269E-06 0.13549E-03 0.00000E+00 0.15011E-02 0.93130E-01 0.35337E-05 0.30751E-06 0.31765E-03 0.64128E-05 0.21173E-04 0.71441E+00
0.42000E-05 0.19953E+04 0.46635E-03 0.16674E-04 0.16667E-04 0.18937E+00 0.47535E-04 0.57044E-03 0.18093E-06 0.14181E-03 0.00000E+00 0.15407E-02 0.93067E-01 0.38952E-05 0.33222E-06 0.33546E-03 0.66545E-05 0.22538E-04 0.71440E+00
0.43000E-05 0.19952E+04 0.47891E-03 0.16837E-04 0.16968E-04 0.18934E+00 0.48699E-04 0.59462E-03 0.18933E-06 0.14826E-03 0.00000E+00 0.15805E-02 0.93004E-01 0.42853E-05 0.35844E-06 0.35385E-03 0.69017E-05 0.23952E-04 0.71439E+00
0.44000E-05 0.19952E+04 0.49157E-03 0.17005E-04 0.17270E-04 0.18930E+00 0.49884E-04 0.61940E-03 0.19789E-06 0.15483E-03 0.00000E+00 0.16204E-02 0.92940E-01 0.47059E-05 0.38625E-06 0.37285E-03 0.71547E-05 0.25416E-04 0.71438E+00
0.45000E-05 0.19951E+04 0.50432E-03 0.17179E-04 0.17573E-04 0.18927E+00 0.51091E-04 0.64478E-03 0.20661E-06 0.16152E-03 0.00000E+00 0.16604E-02 0.92876E-01 0.51589E-05 0.41572E-06 0.39244E-03 0.74135E-05 0.26931E-04 0.71437E+00
0.46000E-05 0.19951E+04 0.51718E-03 0.17358E-04 0.17877E-04 0.18924E+00 0.52319E-04 0.67078E-03 0.21548E-06 0.16833E-03 0.00000E+00 0.17005E-02 0.92810E-01 0.56461E-05 0.44694E-06 0.41265E-03 0.76782E-05 0.28495E-04 0.71435E+00
0.47000E-05 0.19950E+04 0.53015E-03 0.17543E-04 0.18182E-04 0.18920E+00 0.53569E-04 0.69740E-03 0.22450E-06 0.17527E-03 0.00000E+00 0.17407E-02 0.92744E-01 0.61695E-05 0.47997E-06 0.43349E-03 0.79491E-05 0.30111E-04 0.71434E+00
0.48000E-05 0.19950E+04 0.54323E-03 0.17734E-04 0.18488E-04 0.18917E+00 0.54841E-04 0.72466E-03 0.23366E-06 0.18232E-03 0.00000E+00 0.17810E-02 0.92676E-01 0.67313E-05 0.51492E-06 0.45495E-03 0.82261E-05 0.31777E-04 0.71433E+00
0.49000E-05 0.19949E+04 0.55642E-03 0.17931E-04 0.18795E-04 0.18913E+00 0.56137E-04 0.75257E-03 0.24298E-06 0.18949E-03 0.00000E+00 0.18214E-02 0.92608E-01 0.73336E-05 0.55186E-06 0.47706E-03 0.85094E-05 0.33496E-04 0.71432E+00
0.50000E-05 0.19949E+04 0.56973E-03 0.18134E-04 0.19104E-04 0.18909E+00 0.57455E-04 0.78114E-03 0.25243E-06 0.19678E-03 0.00000E+00 0.18619E-02 0.92539E-01 0.79788E-05 0.59089E-06 0.49983E-03 0.87991E-05 0.35266E-04 0.71431E+00
0.51000E-05 0.19949E+04 0.58316E-03 0.18343E-04 0.19413E-04 0.18905E+00 0.58797E-04 0.81039E-03 0.26203E-06 0.20418E-03 0.00000E+00 0.19026E-02 0.92468E-01 0.86692E-05 0.63210E-06 0.52325E-03 0.90953E-05 0.37089E-04 0.71430E+00
0.52000E-05 0.19948E+04 0.59672E-03 0.18558E-04 0.19724E-04 0.18902E+00 0.60164E-04 0.84032E-03 0.27177E-06 0.21170E-03 0.00000E+00 0.19434E-02 0.92397E-01 0.94074E-05 0.67559E-06 0.54735E-03 0.93982E-05 0.38964E-04 0.71429E+00
0.53000E-05 0.19948E+04 0.61041E-03 0.18780E-04 0.20036E-04 0.18898E+00 0.61554E-04 0.87095E-03 0.28164E-06 0.21933E-03 0.00000E+00 0.19842E-02 0.92325E-01 0.10196E-04 0.72147E-06 0.57213E-03 0.97079E-05 0.40893E-04 0.71428E+00
0.54000E-05 0.19948E+04 0.62423E-03 0.19008E-04 0.20349E-04 0.18894E+00 0.62969E-04 0.90230E-03 0.29164E-06 0.22707E-03 0.00000E+00 0.20253E-02 0.92252E-01 0.11038E-04 0.76983E-06 0.59760E-03 0.10024E-04 0.42874E-04 0.71427E+00
0.55000E-05 0.19948E+04 0.63819E-03 0.19244E-04 0.20664E-04 0.18889E+00 0.64410E-04 0.93438E-03 0.30177E-06 0.23493E-03 0.00000E+00 0.20664E-02 0.92178E-01 0.11935E-04 0.82080E-06 0.62378E-03 0.10348E-04 0.44910E-04 0.71426E+00
0.56000E-05 0.19948E+04 0.65229E-03 0.19486E-04 0.20980E-04 0.18885E+00 0.65876E-04 0.96719E-03 0.31204E-06 0.24289E-03 0.00000E+00 0.21076E-02 0.92103E-01 0.12892E-04 0.87448E-06 0.65067E-03 0.10679E-04 0.47000E-04 0.71425E+00
0.57000E-05 0.19948E+04 0.66653E-03 0.19735E-04 0.21297E-04 0.18881E+00 0.67368E-04 0.10008E-02 0.32243E-06 0.25097E-03 0.00000E+00 0.21490E-02 0.92027E-01 0.13911E-04 0.93099E-06 0.67828E-03 0.11017E-04 0.49143E-04 0.71424E+00
0.58000E-05 0.19948E+04 0.68093E-03 0.19992E-04 0.21616E-04 0.18876E+00 0.68886E-04 0.10351E-02 0.33294E-06 0.25915E-03 0.00000E+00 0.21905E-02 0.91950E-01 0.14995E-04 0.99046E-06 0.70663E-03 0.11362E-04 0.51342E-04 0.71422E+00
0.59000E-05 0.19948E+04 0.69548E-03 0.20256E-04 0.21937E-04 0.18872E+00 0.70431E-04 0.10702E-02 0.34357E-06 0.26744E-03 0.00000E+00 0.22321E-02 0.91871E-01 0.16148E-04 0.10530E-05 0.73572E-03 0.11714E-04 0.53595E-04 0.71421E+00
0.60000E-05 0.19948E+04 0.71020E-03 0.20528E-04 0.22259E-04 0.18867E+00 0.72003E-04 0.11061E-02 0.35432E-06 0.27584E-03 0.00000E+00 0.22739E-02 0.91792E-01 0.17373E-04 0.11188E-05 0.76557E-03 0.12075E-04 0.55904E-04 0.71420E+00
0.61000E-05 0.19948E+04 0.72507E-03 0.20807E-04 0.22583E-04 0.18863E+00 0.73603E-04 0.11429E-02 0.36519E-06 0.28434E-03 0.00000E+00 0.23158E-02 0.91711E-01 0.18674E-04 0.11879E-05 0.79618E-03 0.12443E-04 0.58268E-04 0.71419E+00
0.62000E-05 0.19948E+04 0.74012E-03 0.21095E-04 0.22908E-04 0.18858E+00 0.75230E-04 0.11804E-02 0.37617E-06 0.29295E-03 0.00000E+00 0.23578E-02 0.91630E-01 0.20055E-04 0.12605E-05 0.82757E-03 0.12818E-04 0.60688E-04 0.71418E+00
0.63000E-05 0.19948E+04 0.75534E-03 0.21391E-04 0.23236E-04 0.18853E+00 0.76886E-04 0.12189E-02 0.38726E-06 0.30166E-03 0.00000E+00 0.24000E-02 0.91547E-01 0.21520E-04 0.13368E-05 0.85976E-03 0.13202E-04 0.63163E-04 0.71417E+00
0.64000E-05 0.19949E+04 0.77074E-03 0.21695E-04 0.23565E-04 0.18848E+00 0.78570E-04 0.12581E-02 0.39846E-06 0.31048E-03 0.00000E+00 0.24423E-02 0.91463E-01 0.23073E-04 0.14168E-05 0.89274E-03 0.13594E-04 0.65695E-04 0.71416E+00
0.65000E-05 0.19949E+04 0.78632E-03 0.22007E-04 0.23896E-04 0.18843E+00 0.80283E-04 0.12983E-02 0.40977E-06 0.31940E-03 0.00000E+00 0.24847E-02 0.91378E-01 0.24719E-04 0.15008E-05 0.92653E-03 0.13994E-04 0.68284E-04 0.71414E+00
0.66000E-05 0.19949E+04 0.80210E-03 0.22329E-04 0.24229E-04 0.18838E+00 0.82026E-04 0.13393E-02 0.42118E-06 0.32842E-03 0.00000E+00 0.25273E-02 0.91292E-01 0.26461E-04 0.15889E-05 0.96114E-03 0.14402E-04 0.70928E-04 0.71413E+00
0.67000E-05 0.19950E+04 0.81806E-03 0.22660E-04 0.24564E-04 0.18832E+00 0.83799E-04 0.13813E-02 0.43269E-06 0.33754E-03 0.00000E+00 0.25700E-02 0.91204E-01 0.28305E-04 0.16813E-05 0.99658E-03 0.14819E-04 0.73630E-04 0.71412E+00
0.68000E-05 0.19950E+04 0.83423E-03 0.23000E-04 0.24902E-04 0.18827E+00 0.85602E-04 0.14241E-02 0.44430E-06 0.34677E-03 0.00000E+00 0.26129E-02 0.91115E-01 0.30256E-04 0.17781E-05 0.10329E-02 0.15244E-04 0.76389E-04 0.71411E+00
0.69000E-05 0.19951E+04 0.85061E-03 0.23349E-04 0.25241E-04 0.18821E+00 0.87435E-04 0.14680E-02 0.45601E-06 0.35609E-03 0.00000E+00 0.26559E-02 0.91025E-01 0.32318E-04 0.18796E-05 0.10700E-02 0.15677E-04 0.79205E-04 0.71410E+00
0.70000E-05 0.19951E+04 0.86719E-03 0.23708E-04 0.25583E-04 0.18816E+00 0.89300E-04 0.15128E-02 0.46781E-06 0.36552E-03 0.00000E+00 0.26991E-02 0.90934E-01 0.34498E-04 0.19859E-05 0.11080E-02 0.16120E-04 0.82078E-04 0.71408E+00
0.71000E-05 0.19952E+04 0.88400E-03 0.24078E-04 0.25927E-04 0.18810E+00 0.91196E-04 0.15585E-02 0.47971E-06 0.37504E-03 0.00000E+00 0.27424E-02 0.90841E-01 0.36800E-04 0.20972E-05 0.11469E-02 0.16571E-04 0.85008E-04 0.71407E+00
0.72000E-05 0.19952E+04 0.90102E-03 0.24457E-04 0.26274E-04 0.18804E+00 0.93124E-04 0.16053E-02 0.49169E-06 0.38467E-03 0.00000E+00 0.27859E-02 0.90748E-01 0.39230E-04 0.22137E-05 0.11867E-02 0.17032E-04 0.87997E-04 0.71406E+00
0.73000E-05 0.19953E+04 0.91828E-03 0.24847E-04 0.26623E-04 0.18798E+00 0.95085E-04 0.16531E-02 0.50377E-06 0.39439E-03 0.00000E+00 0.28295E-02 0.90652E-01 0.41794E-04 0.23356E-05 0.12274E-02 0.17502E-04 0.91042E-04 0.71405E+00
0.74000E-05 0.19954E+04 0.93578E-03 0.25248E-04 0.26974E-04 0.18792E+00 0.97078E-04 0.17019E-02 0.51593E-06 0.40421E-03 0.00000E+00 0.28733E-02 0.90556E-01 0.44499E-04 0.24632E-05 0.12690E-02 0.17980E-04 0.94146E-04 0.71403E+00
0.75000E-05 0.19955E+04 0.95351E-03 0.25660E-04 0.27329E-04 0.18786E+00 0.99104E-04 0.17518E-02 0.52817E-06 0.41414E-03 0.00000E+00 0.29173E-02 0.90458E-01 0.47351E-04 0.25966E-05 0.13115E-02 0.18469E-04 0.97307E-04 0.71402E+00
0.76000E-05 0.19956E+04 0.97150E-03 0.26084E-04 0.27686E-04 0.18779E+00 0.10116E-03 0.18027E-02 0.54050E-06 0.42416E-03 0.00000E+00 0.29614E-02 0.90358E-01 0.50357E-04 0.27361E-05 0.13549E-02 0.18967E-04 0.10053E-03 0.71401E+00
0.77000E-05 0.19957E+04 0.98975E-03 0.26519E-04 0.28046E-04 0.18773E+00 0.10326E-03 0.18548E-02 0.55290E-06 0.43427E-03 0.00000E+00 0.30057E-02 0.90257E-01 0.53523E-04 0.28820E-05 0.13993E-02 0.19474E-04 0.10380E-03 0.71399E+00
0.78000E-05 0.19958E+04 0.10083E-02 0.26967E-04 0.28409E-04 0.18766E+00 0.10539E-03 0.19079E-02 0.56538E-06 0.44449E-03 0.00000E+00 0.30502E-02 0.90155E-01 0.56858E-04 0.30343E-05 0.14447E-02 0.19991E-04 0.10714E-03 0.71398E+00
0.79000E-05 0.19959E+04 0.10270E-02 0.27427E-04 0.28775E-04 0.18759E+00 0.10755E-03 0.19622E-02 0.57794E-06 0.45481E-03 0.00000E+00 0.30949E-02 0.90051E-01 0.60367E-04 0.31935E-05 0.14910E-02 0.20519E-04 0.11053E-03 0.71397E+00
0.80000E-05 0.19960E+04 0.10461E-02 0.27899E-04 0.29144E-04 0.18752E+00 0.10975E-03 0.20177E-02 0.59057E-06 0.46522E-03 0.00000E+00 0.31397E-02 0.89946E-01 0.64060E-04 0.33598E-05 0.15383E-02 0.21056E-04 0.11398E-03 0.71395E+00
0.81000E-05 0.19961E+04 0.10654E-02 0.28385E-04 0.29516E-04 0.18745E+00 0.11199E-03 0.20743E-02 0.60327E-06 0.47574E-03 0.00000E+00 0.31847E-02 0.89839E-01 0.67945E-04 0.35334E-05 0.15866E-02 0.21604E-04 0.11749E-03 0.71394E+00
0.82000E-05 0.19963E+04 0.10851E-02 0.28884E-04 0.29892E-04 0.18738E+00 0.11426E-03 0.21322E-02 0.61604E-06 0.48635E-03 0.00000E+00 0.32299E-02 0.89731E-01 0.72029E-04 0.37146E-05 0.16359E-02 0.22162E-04 0.12106E-03 0.71393E+00
0.83000E-05 0.19964E+04 0.11050E-02 0.29397E-04 0.30271E-04 0.18731E+00 0.11657E-03 0.21912E-02 0.62888E-06 0.49706E-03 0.00000E+00 0.32753E-02 0.89621E-01 0.76321E-04 0.39037E-05 0.16862E-02 0.22731E-04 0.12468E-03 0.71391E+00
0.84000E-05 0.19965E+04 0.11253E-02 0.29925E-04 0.30654E-04 0.18723E+00 0.11892E-03 0.22515E-02 0.64178E-06 0.50787E-03 0.00000E+00 0.33209E-02 0.89510E-01 0.80831E-04 0.41010E-05 0.17376E-02 0.23310E-04 0.12836E-03 0.71390E+00
0.85000E-05 0.19967E+04 0.11459E-02 0.30467E-04 0.31040E-04 0.18716E+00 0.12130E-03 0.23131E-02 0.65475E-06 0.51879E-03 0.00000E+00 0.33666E-02 0.89397E-01 0.85569E-04 0.43069E-05 0.17900E-02 0.23900E-04 0.13210E-03 0.71388E+00
0.86000E-05 0.19969E+04 0.11668E-02 0.31024E-04 0.31431E-04 0.18708E+00 0.12372E-03 0.23760E-02 0.66778E-06 0.52980E-03 0.00000E+00 0.34126E-02 0.89282E-01 0.90542E-04 0.45215E-05 0.18434E-02 0.24501E-04 0.13590E-03 0.71387E+00
0.87000E-05 0.19970E+04 0.11880E-02 0.31597E-04 0.31825E-04 0.18700E+00 0.12619E-03 0.24402E-02 0.68087E-06 0.54091E-03 0.00000E+00 0.34588E-02 0.89165E-01 0.95763E-04 0.47453E-05 0.18979E-02 0.25114E-04 0.13975E-03 0.71385E+00
0.88000E-05 0.19972E+04 0.12096E-02 0.32185E-04 0.32223E-04 0.18692E+00 0.12869E-03 0.25057E-02 0.69402E-06 0.55213E-03 0.00000E+00 0.35051E-02 0.89047E-01 0.10124E-03 0.49786E-05 0.19535E-02 0.25737E-04 0.14366E-03 0.71384E+00
0.89000E-05 0.19974E+04 0.12315E-02 0.32791E-04 0.32626E-04 0.18684E+00 0.13123E-03 0.25726E-02 0.70722E-06 0.56345E-03 0.00000E+00 0.35517E-02 0.88927E-01 0.10699E-03 0.52217E-05 0.20102E-02 0.26372E-04 0.14763E-03 0.71382E+00
0.90000E-05 0.19976E+04 0.12539E-02 0.33413E-04 0.33033E-04 0.18676E+00 0.13382E-03 0.26410E-02 0.72048E-06 0.57488E-03 0.00000E+00 0.35985E-02 0.88806E-01 0.11301E-03 0.54750E-05 0.20679E-02 0.27019E-04 0.15165E-03 0.71380E+00
0.91000E-05 0.19978E+04 0.12766E-02 0.34052E-04 0.33444E-04 0.18667E+00 0.13645E-03 0.27107E-02 0.73379E-06 0.58641E-03 0.00000E+00 0.36456E-02 0.88682E-01 0.11933E-03 0.57389E-05 0.21268E-02 0.27678E-04 0.15573E-03 0.71379E+00
0.92000E-05 0.19980E+04 0.12996E-02 0.34710E-04 0.33860E-04 0.18658E+00 0.13912E-03 0.27818E-02 0.74715E-06 0.59804E-03 0.00000E+00 0.36928E-02 0.88557E-01 0.12595E-03 0.60138E-05 0.21868E-02 0.28349E-04 0.15987E-03 0.71377E+00
0.93000E-05 0.19982E+04 0.13231E-02 0.35386E-04 0.34281E-04 0.18649E+00 0.14183E-03 0.28545E-02 0.76056E-06 0.60979E-03 0.00000E+00 0.37403E-02 0.88430E-01 0.13289E-03 0.63000E-05 0.22479E-02 0.29032E-04 0.16406E-03 0.71376E+00
0.94000E-05 0.19984E+04 0.13470E-02 0.36081E-04 0.34706E-04 0.18640E+00 0.14458E-03 0.29286E-02 0.77403E-06 0.62164E-03 0.00000E+00 0.37880E-02 0.88301E-01 0.14015E-03 0.65980E-05 0.23102E-02 0.29728E-04 0.16830E-03 0.71374E+00
0.95000E-05 0.19987E+04 0.13713E-02 0.36796E-04 0.35137E-04 0.18631E+00 0.14738E-03 0.30043E-02 0.78753E-06 0.63360E-03 0.00000E+00 0.38359E-02 0.88170E-01 0.14776E-03 0.69082E-05 0.23737E-02 0.30436E-04 0.17260E-03 0.71372E+00
0.96000E-05 0.19989E+04 0.13961E-02 0.37531E-04 0.35573E-04 0.18622E+00 0.15023E-03 0.30816E-02 0.80109E-06 0.64567E-03 0.00000E+00 0.38841E-02 0.88037E-01 0.15573E-03 0.72310E-05 0.24383E-02 0.31157E-04 0.17696E-03 0.71370E+00
0.97000E-05 0.19991E+04 0.14212E-02 0.38287E-04 0.36014E-04 0.18612E+00 0.15312E-03 0.31604E-02 0.81468E-06 0.65786E-03 0.00000E+00 0.39325E-02 0.87902E-01 0.16406E-03 0.75669E-05 0.25041E-02 0.31891E-04 0.18136E-03 0.71369E+00
0.98000E-05 0.19994E+04 0.14469E-02 0.39065E-04 0.36461E-04 0.18603E+00 0.15606E-03 0.32409E-02 0.82832E-06 0.67016E-03 0.00000E+00 0.39812E-02 0.87765E-01 0.17278E-03 0.79164E-05 0.25710E-02 0.32639E-04 0.18582E-03 0.71367E+00
0.99000E-05 0.19997E+04 0.14730E-02 0.39865E-04 0.36913E-04 0.18593E+00 0.15905E-03 0.33230E-02 0.84200E-06 0.68257E-03 0.00000E+00 0.40301E-02 0.87627E-01 0.18191E-03 0.82799E-05 0.26392E-02 0.33400E-04 0.19034E-03 0.71365E+00
0.10000E-04 0.20000E+04 0.14996E-02 0.40687E-04 0.37372E-04 0.18582E+00 0.16208E-03 0.34068E-02 0.85572E-06 0.69511E-03 0.00000E+00 0.40793E-02 0.87486E-01 0.19145E-03 0.86581E-05 0.27086E-02 0.34174E-04 0.19490E-03 0.71363E+00
0.10100E-04 0.20002E+04 0.15267E-02 0.41534E-04 0.37837E-04 0.18572E+00 0.16517E-03 0.34923E-02 0.86947E-06 0.70776E-03 0.00000E+00 0.41288E-02 0.87343E-01 0.20142E-03 0.90513E-05 0.27793E-02 0.34963E-04 0.19952E-03 0.71361E+00
0.10200E-04 0.20005E+04 0.15543E-02 0.42404E-04 0.38308E-04 0.18562E+00 0.16830E-03 0.35795E-02 0.88327E-06 0.72053E-03 0.00000E+00 0.41785E-02 0.87197E-01 0.21185E-03 0.94601E-05 0.28511E-02 0.35766E-04 0.20418E-03 0.71359E+00
0.10300E-04 0.20008E+04 0.15825E-02 0.43300E-04 0.38785E-04 0.18551E+00 0.17149E-03 0.36686E-02 0.89710E-06 0.73343E-03 0.00000E+00 0.42285E-02 0.87050E-01 0.22275E-03 0.98851E-05 0.29243E-02 0.36583E-04 0.20890E-03 0.71357E+00
0.10400E-04 0.20012E+04 0.16111E-02 0.44222E-04 0.39269E-04 0.18540E+00 0.17473E-03 0.37594E-02 0.91096E-06 0.74645E-03 0.00000E+00 0.42788E-02 0.86900E-01 0.23413E-03 0.10327E-04 0.29987E-02 0.37416E-04 0.21366E-03 0.71355E+00
0.10500E-04 0.20015E+04 0.16404E-02 0.45170E-04 0.39761E-04 0.18529E+00 0.17802E-03 0.38521E-02 0.92485E-06 0.75961E-03 0.00000E+00 0.43293E-02 0.86749E-01 0.24603E-03 0.10786E-04 0.30743E-02 0.38263E-04 0.21848E-03 0.71353E+00
0.10600E-04 0.20018E+04 0.16702E-02 0.46147E-04 0.40259E-04 0.18517E+00 0.18136E-03 0.39468E-02 0.93878E-06 0.77289E-03 0.00000E+00 0.43802E-02 0.86594E-01 0.25845E-03 0.11263E-04 0.31513E-02 0.39125E-04 0.22333E-03 0.71351E+00
0.10700E-04 0.20022E+04 0.17006E-02 0.47152E-04 0.40765E-04 0.18506E+00 0.18477E-03 0.40433E-02 0.95274E-06 0.78631E-03 0.00000E+00 0.44314E-02 0.86438E-01 0.27142E-03 0.11759E-04 0.32296E-02 0.40003E-04 0.22824E-03 0.71349E+00
0.10800E-04 0.20025E+04 0.17316E-02 0.48186E-04 0.41278E-04 0.18494E+00 0.18823E-03 0.41418E-02 0.96672E-06 0.79986E-03 0.00000E+00 0.44828E-02 0.86279E-01 0.28496E-03 0.12274E-04 0.33091E-02 0.40897E-04 0.23319E-03 0.71346E+00
0.10900E-04 0.20029E+04 0.17632E-02 0.49251E-04 0.41800E-04 0.18482E+00 0.19174E-03 0.42423E-02 0.98074E-06 0.81355E-03 0.00000E+00 0.45346E-02 0.86118E-01 0.29909E-03 0.12809E-04 0.33900E-02 0.41807E-04 0.23819E-03 0.71344E+00
0.11000E-04 0.20033E+04 0.17955E-02 0.50347E-04 0.42329E-04 0.18470E+00 0.19532E-03 0.43449E-02 0.99478E-06 0.82739E-03 0.00000E+00 0.45867E-02 0.85954E-01 0.31384E-03 0.13365E-04 0.34722E-02 0.42734E-04 0.24323E-03 0.71342E+00
0.11100E-04 0.20037E+04 0.18285E-02 0.51476E-04 0.42867E-04 0.18457E+00 0.19895E-03 0.44495E-02 0.10088E-05 0.84137E-03 0.00000E+00 0.46391E-02 0.85788E-01 0.32922E-03 0.13943E-04 0.35558E-02 0.43678E-04 0.24831E-03 0.71339E+00
0.11200E-04 0.20041E+04 0.18621E-02 0.52639E-04 0.43413E-04 0.18445E+00 0.20265E-03 0.45563E-02 0.10229E-05 0.85550E-03 0.00000E+00 0.46919E-02 0.85619E-01 0.34527E-03 0.14542E-04 0.36407E-02 0.44638E-04 0.25343E-03 0.71337E+00
0.11300E-04 0.20045E+04 0.18964E-02 0.53836E-04 0.43969E-04 0.18432E+00 0.20641E-03 0.46652E-02 0.10371E-05 0.86978E-03 0.00000E+00 0.47450E-02 0.85448E-01 0.36201E-03 0.15165E-04 0.37270E-02 0.45617E-04 0.25859E-03 0.71335E+00
0.11400E-04 0.20050E+04 0.19314E-02 0.55070E-04 0.44534E-04 0.18418E+00 0.21024E-03 0.47764E-02 0.10512E-05 0.88421E-03 0.00000E+00 0.47984E-02 0.85274E-01 0.37946E-03 0.15812E-04 0.38147E-02 0.46613E-04 0.26379E-03 0.71332E+00
0.11500E-04 0.20054E+04 0.19672E-02 0.56340E-04 0.45108E-04 0.18405E+00 0.21413E-03 0.48899E-02 0.10653E-05 0.89881E-03 0.00000E+00 0.48522E-02 0.85097E-01 0.39766E-03 0.16483E-04 0.39038E-02 0.47627E-04 0.26903E-03 0.71329E+00
0.11600E-04 0.20059E+04 0.20038E-02 0.57649E-04 0.45692E-04 0.18391E+00 0.21809E-03 0.50056E-02 0.10795E-05 0.91357E-03 0.00000E+00 0.49064E-02 0.84918E-01 0.41663E-03 0.17180E-04 0.39943E-02 0.48660E-04 0.27430E-03 0.71327E+00
0.11700E-04 0.20063E+04 0.20411E-02 0.58998E-04 0.46287E-04 0.18377E+00 0.22212E-03 0.51237E-02 0.10937E-05 0.92849E-03 0.00000E+00 0.49609E-02 0.84736E-01 0.43640E-03 0.17903E-04 0.40862E-02 0.49712E-04 0.27960E-03 0.71324E+00
0.11800E-04 0.20068E+04 0.20793E-02 0.60389E-04 0.46892E-04 0.18363E+00 0.22621E-03 0.52442E-02 0.11079E-05 0.94359E-03 0.00000E+00 0.50158E-02 0.84551E-01 0.45701E-03 0.18655E-04 0.41795E-02 0.50783E-04 0.28494E-03 0.71321E+00
0.11900E-04 0.20073E+04 0.21183E-02 0.61822E-04 0.47508E-04 0.18348E+00 0.23039E-03 0.53672E-02 0.11222E-05 0.95886E-03 0.00000E+00 0.50711E-02 0.84363E-01 0.47847E-03 0.19434E-04 0.42742E-02 0.51875E-04 0.29031E-03 0.71318E+00
0.12000E-04 0.20078E+04 0.21581E-02 0.63299E-04 0.48135E-04 0.18333E+00 0.23463E-03 0.54927E-02 0.11364E-05 0.97431E-03 0.00000E+00 0.51268E-02 0.84172E-01 0.50084E-03 0.20244E-04 0.43705E-02 0.52986E-04 0.29571E-03 0.71316E+00
0.12100E-04 0.20084E+04 0.21989E-02 0.64822E-04 0.48774E-04 0.18318E+00 0.23896E-03 0.56208E-02 0.11507E-05 0.98995E-03 0.00000E+00 0.51829E-02 0.83978E-01 0.52414E-03 0.21084E-04 0.44681E-02 0.54119E-04 0.30114E-03 0.71313E+00
0.12200E-04 0.20089E+04 0.22405E-02 0.66392E-04 0.49425E-04 0.18303E+00 0.24336E-03 0.57515E-02 0.11649E-05 0.10058E-02 0.00000E+00 0.52394E-02 0.83781E-01 0.54840E-03 0.21956E-04 0.45673E-02 0.55272E-04 0.30659E-03 0.71309E+00
0.12300E-04 0.20095E+04 0.22831E-02 0.68012E-04 0.50088E-04 0.18287E+00 0.24784E-03 0.58848E-02 0.11792E-05 0.10218E-02 0.00000E+00 0.52963E-02 0.83581E-01 0.57367E-03 0.22861E-04 0.46679E-02 0.56448E-04 0.31206E-03 0.71306E+00
0.12400E-04 0.20100E+04 0.23267E-02 0.69683E-04 0.50764E-04 0.18271E+00 0.25240E-03 0.60209E-02 0.11935E-05 0.10380E-02 0.00000E+00 0.53537E-02 0.83378E-01 0.59997E-03 0.23800E-04 0.47700E-02 0.57645E-04 0.31756E-03 0.71303E+00
0.12500E-04 0.20106E+04 0.23713E-02 0.71406E-04 0.51454E-04 0.18254E+00 0.25705E-03 0.61598E-02 0.12078E-05 0.10544E-02 0.00000E+00 0.54115E-02 0.83171E-01 0.62736E-03 0.24775E-04 0.48736E-02 0.58865E-04 0.32308E-03 0.71300E+00
0.12600E-04 0.20112E+04 0.24169E-02 0.73185E-04 0.52157E-04 0.18238E+00 0.26178E-03 0.63016E-02 0.12221E-05 0.10711E-02 0.00000E+00 0.54697E-02 0.82962E-01 0.65588E-03 0.25786E-04 0.49788E-02 0.60109E-04 0.32861E-03 0.71296E+00
0.12700E-04 0.20119E+04 0.24635E-02 0.75020E-04 0.52875E-04 0.18221E+00 0.26661E-03 0.64463E-02 0.12364E-05 0.10879E-02 0.00000E+00 0.55284E-02 0.82748E-01 0.68556E-03 0.26836E-04 0.50854E-02 0.61376E-04 0.33416E-03 0.71293E+00
0.12800E-04 0.20125E+04 0.25113E-02 0.76914E-04 0.53608E-04 0.18203E+00 0.27153E-03 0.65940E-02 0.12507E-05 0.11050E-02 0.00000E+00 0.55876E-02 0.82532E-01 0.71644E-03 0.27926E-04 0.51936E-02 0.62668E-04 0.33972E-03 0.71289E+00
0.12900E-04 0.20132E+04 0.25602E-02 0.78870E-04 0.54355E-04 0.18186E+00 0.27654E-03 0.67447E-02 0.12651E-05 0.11223E-02 0.00000E+00 0.56473E-02 0.82312E-01 0.74859E-03 0.29057E-04 0.53034E-02 0.63985E-04 0.34529E-03 0.71286E+00
0.13000E-04 0.20138E+04 0.26103E-02 0.80889E-04 0.55119E-04 0.18167E+00 0.28165E-03 0.68986E-02 0.12794E-05 0.11399E-02 0.00000E+00 0.57074E-02 0.82088E-01 0.78203E-03 0.30230E-04 0.54147E-02 0.65327E-04 0.35087E-03 0.71282E+00
0.13100E-04 0.20145E+04 0.26616E-02 0.82974E-04 0.55899E-04 0.18149E+00 0.28686E-03 0.70557E-02 0.12937E-05 0.11576E-02 0.00000E+00 0.57681E-02 0.81861E-01 0.81683E-03 0.31448E-04 0.55276E-02 0.66696E-04 0.35645E-03 0.71278E+00
0.13200E-04 0.20152E+04 0.27141E-02 0.85128E-04 0.56696E-04 0.18130E+00 0.29217E-03 0.72160E-02 0.13080E-05 0.11757E-02 0.00000E+00 0.58293E-02 0.81630E-01 0.85304E-03 0.32712E-04 0.56420E-02 0.68091E-04 0.36203E-03 0.71274E+00
0.13300E-04 0.20160E+04 0.27679E-02 0.87354E-04 0.57510E-04 0.18111E+00 0.29759E-03 0.73797E-02 0.13223E-05 0.11940E-02 0.00000E+00 0.58910E-02 0.81395E-01 0.89070E-03 0.34024E-04 0.57581E-02 0.69514E-04 0.36762E-03 0.71270E+00
0.13400E-04 0.20167E+04 0.28230E-02 0.89653E-04 0.58343E-04 0.18091E+00 0.30311E-03 0.75469E-02 0.13366E-05 0.12125E-02 0.00000E+00 0.59532E-02 0.81157E-01 0.92987E-03 0.35386E-04 0.58757E-02 0.70965E-04 0.37320E-03 0.71266E+00
0.13500E-04 0.20175E+04 0.28795E-02 0.92030E-04 0.59194E-04 0.18071E+00 0.30875E-03 0.77175E-02 0.13509E-05 0.12313E-02 0.00000E+00 0.60160E-02 0.80914E-01 0.97062E-03 0.36800E-04 0.59950E-02 0.72445E-04 0.37877E-03 0.71261E+00
0.13600E-04 0.20183E+04 0.29374E-02 0.94487E-04 0.60066E-04 0.18051E+00 0.31451E-03 0.78918E-02 0.13652E-05 0.12504E-02 0.00000E+00 0.60794E-02 0.80667E-01 0.10130E-02 0.38267E-04 0.61159E-02 0.73955E-04 0.38434E-03 0.71257E+00
0.13700E-04 0.20191E+04 0.29968E-02 0.97027E-04 0.60957E-04 0.18030E+00 0.32039E-03 0.80697E-02 0.13795E-05 0.12698E-02 0.00000E+00 0.61433E-02 0.80417E-01 0.10571E-02 0.39791E-04 0.62383E-02 0.75496E-04 0.38989E-03 0.71252E+00
0.13800E-04 0.20199E+04 0.30577E-02 0.99654E-04 0.61870E-04 0.18009E+00 0.32639E-03 0.82514E-02 0.13938E-05 0.12895E-02 0.00000E+00 0.62079E-02 0.80162E-01 0.11029E-02 0.41372E-04 0.63625E-02 0.77067E-04 0.39542E-03 0.71248E+00
0.13900E-04 0.20208E+04 0.31201E-02 0.10237E-03 0.62804E-04 0.17987E+00 0.33251E-03 0.84370E-02 0.14080E-05 0.13095E-02 0.00000E+00 0.62730E-02 0.79902E-01 0.11506E-02 0.43014E-04 0.64883E-02 0.78671E-04 0.40093E-03 0.71243E+00
0.14000E-04 0.20216E+04 0.31842E-02 0.10518E-03 0.63761E-04 0.17965E+00 0.33877E-03 0.86265E-02 0.14222E-05 0.13298E-02 0.00000E+00 0.63388E-02 0.79639E-01 0.12001E-02 0.44718E-04 0.66157E-02 0.80308E-04 0.40642E-03 0.71238E+00
0.14100E-04 0.20225E+04 0.32499E-02 0.10809E-03 0.64742E-04 0.17942E+00 0.34517E-03 0.88201E-02 0.14364E-05 0.13505E-02 0.00000E+00 0.64052E-02 0.79371E-01 0.12517E-02 0.46488E-04 0.67448E-02 0.81979E-04 0.41188E-03 0.71233E+00
0.14200E-04 0.20235E+04 0.33173E-02 0.11111E-03 0.65747E-04 0.17919E+00 0.35171E-03 0.90179E-02 0.14506E-05 0.13714E-02 0.00000E+00 0.64722E-02 0.79098E-01 0.13052E-02 0.48327E-04 0.68755E-02 0.83684E-04 0.41731E-03 0.71228E+00
0.14300E-04 0.20244E+04 0.33865E-02 0.11423E-03 0.66778E-04 0.17895E+00 0.35839E-03 0.92199E-02 0.14647E-05 0.13927E-02 0.00000E+00 0.65400E-02 0.78820E-01 0.13609E-02 0.50236E-04 0.70079E-02 0.85425E-04 0.42270E-03 0.71222E+00
0.14400E-04 0.20254E+04 0.34575E-02 0.11746E-03 0.67835E-04 0.17871E+00 0.36522E-03 0.94263E-02 0.14788E-05 0.14144E-02 0.00000E+00 0.66084E-02 0.78538E-01 0.14188E-02 0.52218E-04 0.71420E-02 0.87203E-04 0.42805E-03 0.71217E+00
0.14500E-04 0.20264E+04 0.35305E-02 0.12080E-03 0.68920E-04 0.17846E+00 0.37221E-03 0.96373E-02 0.14928E-05 0.14364E-02 0.00000E+00 0.66774E-02 0.78251E-01 0.14791E-02 0.54278E-04 0.72778E-02 0.89018E-04 0.43336E-03 0.71211E+00
0.14600E-04 0.20274E+04 0.36054E-02 0.12427E-03 0.70033E-04 0.17821E+00 0.37936E-03 0.98528E-02 0.15068E-05 0.14588E-02 0.00000E+00 0.67473E-02 0.77959E-01 0.15417E-02 0.56418E-04 0.74153E-02 0.90872E-04 0.43862E-03 0.71205E+00
0.14700E-04 0.20284E+04 0.36823E-02 0.12786E-03 0.71176E-04 0.17795E+00 0.38668E-03 0.10073E-01 0.15208E-05 0.14816E-02 0.00000E+00 0.68178E-02 0.77661E-01 0.16067E-02 0.58641E-04 0.75544E-02 0.92766E-04 0.44382E-03 0.71199E+00
0.14800E-04 0.20295E+04 0.37613E-02 0.13159E-03 0.72349E-04 0.17769E+00 0.39417E-03 0.10298E-01 0.15347E-05 0.15048E-02 0.00000E+00 0.68891E-02 0.77358E-01 0.16744E-02 0.60951E-04 0.76953E-02 0.94701E-04 0.44896E-03 0.71192E+00
0.14900E-04 0.20306E+04 0.38426E-02 0.13546E-03 0.73555E-04 0.17742E+00 0.40184E-03 0.10528E-01 0.15485E-05 0.15284E-02 0.00000E+00 0.69611E-02 0.77050E-01 0.17447E-02 0.63351E-04 0.78378E-02 0.96677E-04 0.45404E-03 0.71186E+00
0.15000E-04 0.20317E+04 0.39261E-02 0.13947E-03 0.74794E-04 0.17715E+00 0.40969E-03 0.10764E-01 0.15623E-05 0.15524E-02 0.00000E+00 0.70340E-02 0.76737E-01 0.18178E-02 0.65847E-04 0.79821E-02 0.98697E-04 0.45905E-03 0.71179E+00
0.15100E-04 0.20329E+04 0.40119E-02 0.14363E-03 0.76069E-04 0.17687E+00 0.41774E-03 0.11004E-01 0.15760E-05 0.15769E-02 0.00000E+00 0.71076E-02 0.76417E-01 0.18938E-02 0.68440E-04 0.81281E-02 0.10076E-03 0.46398E-03 0.71172E+00
0.15200E-04 0.20341E+04 0.41001E-02 0.14795E-03 0.77379E-04 0.17658E+00 0.42598E-03 0.11250E-01 0.15897E-05 0.16018E-02 0.00000E+00 0.71821E-02 0.76092E-01 0.19729E-02 0.71137E-04 0.82757E-02 0.10287E-03 0.46883E-03 0.71165E+00
0.15300E-04 0.20353E+04 0.41908E-02 0.15243E-03 0.78728E-04 0.17628E+00 0.43443E-03 0.11501E-01 0.16032E-05 0.16272E-02 0.00000E+00 0.72574E-02 0.75761E-01 0.20550E-02 0.73941E-04 0.84251E-02 0.10503E-03 0.47359E-03 0.71158E+00
0.15400E-04 0.20366E+04 0.42842E-02 0.15709E-03 0.80116E-04 0.17598E+00 0.44310E-03 0.11759E-01 0.16167E-05 0.16530E-02 0.00000E+00 0.73336E-02 0.75424E-01 0.21404E-02 0.76857E-04 0.85762E-02 0.10723E-03 0.47826E-03 0.71150E+00
0.15500E-04 0.20378E+04 0.43802E-02 0.16193E-03 0.81545E-04 0.17568E+00 0.45199E-03 0.12022E-01 0.16300E-05 0.16794E-02 0.00000E+00 0.74107E-02 0.75080E-01 0.22292E-02 0.79890E-04 0.87289E-02 0.10949E-03 0.48283E-03 0.71142E+00
0.15600E-04 0.20392E+04 0.44790E-02 0.16696E-03 0.83018E-04 0.17536E+00 0.46111E-03 0.12291E-01 0.16433E-05 0.17062E-02 0.00000E+00 0.74886E-02 0.74731E-01 0.23216E-02 0.83045E-04 0.88834E-02 0.11179E-03 0.48729E-03 0.71134E+00
0.15700E-04 0.20405E+04 0.45808E-02 0.17219E-03 0.84535E-04 0.17504E+00 0.47048E-03 0.12566E-01 0.16564E-05 0.17336E-02 0.00000E+00 0.75675E-02 0.74374E-01 0.24176E-02 0.86328E-04 0.90395E-02 0.11415E-03 0.49165E-03 0.71126E+00
0.15800E-04 0.20419E+04 0.46855E-02 0.17763E-03 0.86100E-04 0.17471E+00 0.48009E-03 0.12848E-01 0.16694E-05 0.17615E-02 0.00000E+00 0.76473E-02 0.74011E-01 0.25174E-02 0.89744E-04 0.91973E-02 0.11656E-03 0.49588E-03 0.71117E+00
0.15900E-04 0.20433E+04 0.47933E-02 0.18329E-03 0.87713E-04 0.17437E+00 0.48996E-03 0.13136E-01 0.16823E-05 0.17900E-02 0.00000E+00 0.77282E-02 0.73641E-01 0.26212E-02 0.93300E-04 0.93568E-02 0.11903E-03 0.49998E-03 0.71108E+00
0.16000E-04 0.20448E+04 0.49044E-02 0.18918E-03 0.89378E-04 0.17403E+00 0.50011E-03 0.13431E-01 0.16950E-05 0.18191E-02 0.00000E+00 0.78100E-02 0.73263E-01 0.27292E-02 0.97002E-04 0.95179E-02 0.12156E-03 0.50395E-03 0.71099E+00
0.16100E-04 0.20463E+04 0.50188E-02 0.19532E-03 0.91096E-04 0.17368E+00 0.51054E-03 0.13733E-01 0.17076E-05 0.18487E-02 0.00000E+00 0.78928E-02 0.72879E-01 0.28415E-02 0.10086E-03 0.96807E-02 0.12414E-03 0.50778E-03 0.71090E+00
0.16200E-04 0.20479E+04 0.51367E-02 0.20171E-03 0.92871E-04 0.17332E+00 0.52126E-03 0.14043E-01 0.17200E-05 0.18790E-02 0.00000E+00 0.79766E-02 0.72487E-01 0.29583E-02 0.10487E-03 0.98451E-02 0.12678E-03 0.51146E-03 0.71080E+00
0.16300E-04 0.20495E+04 0.52583E-02 0.20837E-03 0.94705E-04 0.17295E+00 0.53229E-03 0.14359E-01 0.17322E-05 0.19099E-02 0.00000E+00 0.80616E-02 0.72087E-01 0.30798E-02 0.10905E-03 0.10011E-01 0.12949E-03 0.51497E-03 0.71070E+00
0.16400E-04 0.20511E+04 0.53836E-02 0.21531E-03 0.96600E-04 0.17257E+00 0.54363E-03 0.14684E-01 0.17443E-05 0.19415E-02 0.00000E+00 0.81476E-02 0.71679E-01 0.32061E-02 0.11341E-03 0.10179E-01 0.13226E-03 0.51833E-03 0.71059E+00
0.16500E-04 0.20528E+04 0.55128E-02 0.22255E-03 0.98560E-04 0.17218E+00 0.55531E-03 0.15016E-01 0.17561E-05 0.19737E-02 0.00000E+00 0.82347E-02 0.71263E-01 0.33376E-02 0.11795E-03 0.10348E-01 0.13509E-03 0.52151E-03 0.71048E+00
0.16600E-04 0.20545E+04 0.56460E-02 0.23011E-03 0.10059E-03 0.17178E+00 0.56734E-03 0.15356E-01 0.17676E-05 0.20067E-02 0.00000E+00 0.83230E-02 0.70839E-01 0.34744E-02 0.12269E-03 0.10519E-01 0.13799E-03 0.52450E-03 0.71037E+00
0.16700E-04 0.20563E+04 0.57835E-02 0.23799E-03 0.10269E-03 0.17137E+00 0.57973E-03 0.15705E-01 0.17790E-05 0.20403E-02 0.00000E+00 0.84124E-02 0.70406E-01 0.36167E-02 0.12762E-03 0.10691E-01 0.14096E-03 0.52730E-03 0.71025E+00
0.16800E-04 0.20581E+04 0.59254E-02 0.24623E-03 0.10486E-03 0.17096E+00 0.59249E-03 0.16063E-01 0.17901E-05 0.20747E-02 0.00000E+00 0.85031E-02 0.69964E-01 0.37648E-02 0.13277E-03 0.10864E-01 0.14401E-03 0.52990E-03 0.71013E+00
0.16900E-04 0.20599E+04 0.60718E-02 0.25484E-03 0.10711E-03 0.17053E+00 0.60566E-03 0.16429E-01 0.18009E-05 0.21098E-02 0.00000E+00 0.85949E-02 0.69513E-01 0.39190E-02 0.13814E-03 0.11039E-01 0.14712E-03 0.53229E-03 0.71001E+00
0.17000E-04 0.20619E+04 0.62230E-02 0.26383E-03 0.10945E-03 0.17009E+00 0.61923E-03 0.16805E-01 0.18114E-05 0.21458E-02 0.00000E+00 0.86880E-02 0.69053E-01 0.40794E-02 0.14374E-03 0.11216E-01 0.15031E-03 0.53446E-03 0.70988E+00
0.17100E-04 0.20638E+04 0.63792E-02 0.27324E-03 0.11187E-03 0.16964E+00 0.63324E-03 0.17190E-01 0.18216E-05 0.21825E-02 0.00000E+00 0.87824E-02 0.68583E-01 0.42465E-02 0.14958E-03 0.11394E-01 0.15358E-03 0.53639E-03 0.70975E+00
0.17200E-04 0.20659E+04 0.65405E-02 0.28309E-03 0.11438E-03 0.16918E+00 0.64770E-03 0.17585E-01 0.18314E-05 0.22201E-02 0.00000E+00 0.88781E-02 0.68103E-01 0.44204E-02 0.15568E-03 0.11573E-01 0.15692E-03 0.53808E-03 0.70961E+00
0.17300E-04 0.20680E+04 0.67072E-02 0.29339E-03 0.11699E-03 0.16870E+00 0.66264E-03 0.17990E-01 0.18409E-05 0.22586E-02 0.00000E+00 0.89751E-02 0.67613E-01 0.46015E-02 0.16205E-03 0.11753E-01 0.16035E-03 0.53953E-03 0.70946E+00
