  T(SEC)      TMP(K)       H          H2         O          O2         OH         H2O        HO2        H2O2       HCO        CH2O       CH3O       CH3        CH4        CO         CO2        N2        
 0.00000E+00 0.20000E+04 0.00000E+00 0.00000E+00 0.00000E+00 0.19011E+00 0.00000E+00 0.00000E+00 0.00000E+00 0.00000E+00 0.00000E+00 0.00000E+00 0.00000E+00 0.00000E+00 0.95057E-01 0.00000E+00 0.00000E+00 0.71483E+00
 0.20000E-06 0.20000E+04 0.13434E-05 0.21679E-05 0.65748E-06 0.19011E+00 0.47346E-06 0.17648E-06 0.69054E-08 0.12187E-14 0.43208E-15 0.14566E-09 0.75902E-08 0.65047E-05 0.95050E-01 0.35495E-15 0.91901E-23 0.71483E+00
 0.40000E-06 0.19999E+04 0.14147E-05 0.53114E-05 0.16255E-05 0.19011E+00 0.83748E-06 0.75500E-06 0.16668E-07 0.71260E-14 0.89073E-14 0.15656E-08 0.33721E-07 0.14365E-04 0.95042E-01 0.16113E-13 0.16755E-20 0.71482E+00
 0.60000E-06 0.19999E+04 0.14192E-05 0.85066E-05 0.26273E-05 0.19011E+00 0.10013E-05 0.15494E-05 0.26287E-07 0.13475E-13 0.43065E-13 0.59829E-08 0.79527E-07 0.22467E-04 0.95033E-01 0.12506E-12 0.25497E-19 0.71482E+00
 0.80000E-06 0.19998E+04 0.14207E-05 0.11706E-04 0.36474E-05 0.19011E+00 0.10721E-05 0.24384E-05 0.35619E-07 0.17999E-13 0.12167E-12 0.15194E-07 0.14495E-06 0.30642E-04 0.95025E-01 0.49332E-12 0.15269E-18 0.71482E+00
 0.10000E-05 0.19998E+04 0.14227E-05 0.14908E-04 0.46843E-05 0.19011E+00 0.11031E-05 0.33684E-05 0.44670E-07 0.21119E-13 0.26259E-12 0.31025E-07 0.22967E-06 0.38832E-04 0.95016E-01 0.13733E-11 0.57035E-18 0.71481E+00
 0.12000E-05 0.19997E+04 0.14254E-05 0.18115E-04 0.57368E-05 0.19010E+00 0.11175E-05 0.43165E-05 0.53455E-07 0.23593E-13 0.48375E-12 0.55317E-07 0.33330E-06 0.47015E-04 0.95007E-01 0.31017E-11 0.16121E-17 0.71481E+00
 0.14000E-05 0.19997E+04 0.14287E-05 0.21327E-04 0.68037E-05 0.19010E+00 0.11252E-05 0.52736E-05 0.61989E-07 0.25903E-13 0.80363E-12 0.89925E-07 0.45539E-06 0.55182E-04 0.94999E-01 0.61007E-11 0.37995E-17 0.71481E+00
 0.16000E-05 0.19996E+04 0.14327E-05 0.24546E-04 0.78839E-05 0.19010E+00 0.11303E-05 0.62358E-05 0.70285E-07 0.28285E-13 0.12415E-11 0.13671E-06 0.59549E-06 0.63328E-04 0.94990E-01 0.10882E-10 0.78872E-17 0.71481E+00
 0.18000E-05 0.19996E+04 0.14373E-05 0.27773E-04 0.89763E-05 0.19010E+00 0.11347E-05 0.72019E-05 0.78358E-07 0.30842E-13 0.18173E-11 0.19755E-06 0.75317E-06 0.71452E-04 0.94981E-01 0.18049E-10 0.14912E-16 0.71480E+00
 0.20000E-05 0.19996E+04 0.14426E-05 0.31010E-04 0.10080E-04 0.19010E+00 0.11391E-05 0.81715E-05 0.86219E-07 0.33611E-13 0.25517E-11 0.27430E-06 0.92798E-06 0.79555E-04 0.94972E-01 0.28302E-10 0.26246E-16 0.71480E+00
 0.22000E-05 0.19995E+04 0.14486E-05 0.34259E-04 0.11192E-04 0.19009E+00 0.11438E-05 0.91448E-05 0.93883E-07 0.36602E-13 0.34663E-11 0.36885E-06 0.11195E-05 0.87636E-04 0.94964E-01 0.42440E-10 0.43654E-16 0.71480E+00
 0.24000E-05 0.19995E+04 0.14553E-05 0.37520E-04 0.12314E-04 0.19009E+00 0.11490E-05 0.10122E-04 0.10136E-06 0.39811E-13 0.45832E-11 0.48306E-06 0.13272E-05 0.95696E-04 0.94955E-01 0.61364E-10 0.69353E-16 0.71479E+00
 0.26000E-05 0.19994E+04 0.14626E-05 0.40795E-04 0.13443E-04 0.19009E+00 0.11547E-05 0.11104E-04 0.10866E-06 0.43232E-13 0.59253E-11 0.61879E-06 0.15509E-05 0.10373E-03 0.94946E-01 0.86084E-10 0.10608E-15 0.71479E+00
 0.28000E-05 0.19994E+04 0.14706E-05 0.44085E-04 0.14577E-04 0.19009E+00 0.11610E-05 0.12091E-04 0.11580E-06 0.46857E-13 0.75166E-11 0.77789E-06 0.17899E-05 0.11175E-03 0.94937E-01 0.11772E-09 0.15716E-15 0.71479E+00
 0.30000E-05 0.19993E+04 0.14792E-05 0.47392E-04 0.15717E-04 0.19009E+00 0.11678E-05 0.13084E-04 0.12279E-06 0.50681E-13 0.93821E-11 0.96221E-06 0.20439E-05 0.11975E-03 0.94928E-01 0.15750E-09 0.22658E-15 0.71478E+00
 0.32000E-05 0.19993E+04 0.14885E-05 0.50717E-04 0.16860E-04 0.19008E+00 0.11753E-05 0.14082E-04 0.12964E-06 0.54697E-13 0.11547E-10 0.11736E-05 0.23126E-05 0.12773E-03 0.94919E-01 0.20678E-09 0.31910E-15 0.71478E+00
 0.34000E-05 0.19993E+04 0.14985E-05 0.54062E-04 0.18005E-04 0.19008E+00 0.11833E-05 0.15087E-04 0.13635E-06 0.58898E-13 0.14039E-10 0.14138E-05 0.25955E-05 0.13569E-03 0.94911E-01 0.26704E-09 0.44030E-15 0.71478E+00
 0.36000E-05 0.19992E+04 0.15091E-05 0.57428E-04 0.19152E-04 0.19008E+00 0.11919E-05 0.16098E-04 0.14294E-06 0.63281E-13 0.16886E-10 0.16846E-05 0.28922E-05 0.14363E-03 0.94902E-01 0.33988E-09 0.59670E-15 0.71478E+00
 0.38000E-05 0.19992E+04 0.15203E-05 0.60816E-04 0.20298E-04 0.19008E+00 0.12010E-05 0.17117E-04 0.14942E-06 0.67843E-13 0.20116E-10 0.19879E-05 0.32023E-05 0.15156E-03 0.94893E-01 0.42704E-09 0.79589E-15 0.71477E+00
 0.40000E-05 0.19991E+04 0.15322E-05 0.64227E-04 0.21444E-04 0.19007E+00 0.12107E-05 0.18144E-04 0.15580E-06 0.72582E-13 0.23760E-10 0.23252E-05 0.35256E-05 0.15946E-03 0.94884E-01 0.53040E-09 0.10466E-14 0.71477E+00
 0.42000E-05 0.19991E+04 0.15446E-05 0.67664E-04 0.22586E-04 0.19007E+00 0.12210E-05 0.19180E-04 0.16208E-06 0.77495E-13 0.27848E-10 0.26984E-05 0.38615E-05 0.16735E-03 0.94875E-01 0.65198E-09 0.13589E-14 0.71477E+00
 0.44000E-05 0.19990E+04 0.15577E-05 0.71126E-04 0.23725E-04 0.19007E+00 0.12318E-05 0.20224E-04 0.16828E-06 0.82583E-13 0.32415E-10 0.31092E-05 0.42098E-05 0.17523E-03 0.94866E-01 0.79396E-09 0.17441E-14 0.71476E+00
 0.46000E-05 0.19990E+04 0.15714E-05 0.74616E-04 0.24860E-04 0.19007E+00 0.12432E-05 0.21277E-04 0.17439E-06 0.87844E-13 0.37492E-10 0.35590E-05 0.45700E-05 0.18308E-03 0.94857E-01 0.95865E-09 0.22154E-14 0.71476E+00
 0.48000E-05 0.19990E+04 0.15857E-05 0.78134E-04 0.25988E-04 0.19007E+00 0.12551E-05 0.22340E-04 0.18043E-06 0.93280E-13 0.43115E-10 0.40497E-05 0.49420E-05 0.19092E-03 0.94848E-01 0.11485E-08 0.27875E-14 0.71476E+00
 0.50000E-05 0.19989E+04 0.16006E-05 0.81683E-04 0.27110E-04 0.19006E+00 0.12675E-05 0.23413E-04 0.18641E-06 0.98893E-13 0.49319E-10 0.45826E-05 0.53252E-05 0.19875E-03 0.94838E-01 0.13663E-08 0.34769E-14 0.71475E+00
 0.52000E-05 0.19989E+04 0.16160E-05 0.85262E-04 0.28223E-04 0.19006E+00 0.12804E-05 0.24497E-04 0.19233E-06 0.10468E-12 0.56141E-10 0.51594E-05 0.57194E-05 0.20656E-03 0.94829E-01 0.16148E-08 0.43025E-14 0.71475E+00
 0.54000E-05 0.19988E+04 0.16319E-05 0.88873E-04 0.29327E-04 0.19006E+00 0.12938E-05 0.25592E-04 0.19820E-06 0.11065E-12 0.63621E-10 0.57815E-05 0.61242E-05 0.21436E-03 0.94820E-01 0.18969E-08 0.52853E-14 0.71475E+00
 0.56000E-05 0.19988E+04 0.16484E-05 0.92517E-04 0.30422E-04 0.19006E+00 0.13077E-05 0.26698E-04 0.20403E-06 0.11680E-12 0.71795E-10 0.64504E-05 0.65394E-05 0.22214E-03 0.94811E-01 0.22159E-08 0.64486E-14 0.71475E+00
 0.58000E-05 0.19988E+04 0.16654E-05 0.96196E-04 0.31505E-04 0.19005E+00 0.13221E-05 0.27816E-04 0.20982E-06 0.12314E-12 0.80706E-10 0.71674E-05 0.69646E-05 0.22991E-03 0.94801E-01 0.25751E-08 0.78186E-14 0.71474E+00
 0.60000E-05 0.19987E+04 0.16830E-05 0.99910E-04 0.32576E-04 0.19005E+00 0.13369E-05 0.28946E-04 0.21557E-06 0.12967E-12 0.90394E-10 0.79339E-05 0.73995E-05 0.23767E-03 0.94792E-01 0.29781E-08 0.94243E-14 0.71474E+00
 0.62000E-05 0.19987E+04 0.17010E-05 0.10366E-03 0.33634E-04 0.19005E+00 0.13522E-05 0.30089E-04 0.22129E-06 0.13639E-12 0.10090E-09 0.87511E-05 0.78439E-05 0.24541E-03 0.94783E-01 0.34287E-08 0.11298E-13 0.71474E+00
 0.64000E-05 0.19986E+04 0.17194E-05 0.10745E-03 0.34678E-04 0.19005E+00 0.13680E-05 0.31245E-04 0.22699E-06 0.14330E-12 0.11227E-09 0.96204E-05 0.82973E-05 0.25314E-03 0.94773E-01 0.39307E-08 0.13475E-13 0.71473E+00
 0.66000E-05 0.19986E+04 0.17383E-05 0.11127E-03 0.35707E-04 0.19004E+00 0.13841E-05 0.32414E-04 0.23267E-06 0.15042E-12 0.12454E-09 0.10543E-04 0.87597E-05 0.26086E-03 0.94764E-01 0.44884E-08 0.15995E-13 0.71473E+00
 0.68000E-05 0.19986E+04 0.17577E-05 0.11514E-03 0.36721E-04 0.19004E+00 0.14007E-05 0.33597E-04 0.23834E-06 0.15774E-12 0.13776E-09 0.11520E-04 0.92306E-05 0.26857E-03 0.94754E-01 0.51061E-08 0.18902E-13 0.71473E+00
 0.70000E-05 0.19985E+04 0.17774E-05 0.11904E-03 0.37719E-04 0.19004E+00 0.14177E-05 0.34794E-04 0.24400E-06 0.16527E-12 0.15198E-09 0.12552E-04 0.97098E-05 0.27627E-03 0.94745E-01 0.57883E-08 0.22242E-13 0.71472E+00
 0.72000E-05 0.19985E+04 0.17976E-05 0.12299E-03 0.38700E-04 0.19004E+00 0.14350E-05 0.36005E-04 0.24965E-06 0.17302E-12 0.16724E-09 0.13641E-04 0.10197E-04 0.28396E-03 0.94735E-01 0.65399E-08 0.26068E-13 0.71472E+00
 0.74000E-05 0.19984E+04 0.18181E-05 0.12697E-03 0.39663E-04 0.19003E+00 0.14527E-05 0.37231E-04 0.25529E-06 0.18098E-12 0.18358E-09 0.14787E-04 0.10692E-04 0.29164E-03 0.94725E-01 0.73659E-08 0.30437E-13 0.71472E+00
 0.76000E-05 0.19984E+04 0.18390E-05 0.13100E-03 0.40607E-04 0.19003E+00 0.14708E-05 0.38472E-04 0.26094E-06 0.18917E-12 0.20105E-09 0.15991E-04 0.11195E-04 0.29930E-03 0.94715E-01 0.82714E-08 0.35411E-13 0.71471E+00
 0.78000E-05 0.19984E+04 0.18603E-05 0.13507E-03 0.41533E-04 0.19003E+00 0.14892E-05 0.39728E-04 0.26659E-06 0.19759E-12 0.21970E-09 0.17255E-04 0.11705E-04 0.30696E-03 0.94706E-01 0.92618E-08 0.41057E-13 0.71471E+00
 0.80000E-05 0.19983E+04 0.18818E-05 0.13918E-03 0.42439E-04 0.19002E+00 0.15079E-05 0.41000E-04 0.27224E-06 0.20624E-12 0.23958E-09 0.18578E-04 0.12222E-04 0.31461E-03 0.94696E-01 0.10343E-07 0.47450E-13 0.71471E+00
 0.82000E-05 0.19983E+04 0.19037E-05 0.14334E-03 0.43325E-04 0.19002E+00 0.15269E-05 0.42287E-04 0.27791E-06 0.21513E-12 0.26072E-09 0.19962E-04 0.12746E-04 0.32225E-03 0.94686E-01 0.11520E-07 0.54670E-13 0.71471E+00
 0.84000E-05 0.19982E+04 0.19258E-05 0.14754E-03 0.44191E-04 0.19002E+00 0.15462E-05 0.43591E-04 0.28358E-06 0.22427E-12 0.28318E-09 0.21408E-04 0.13276E-04 0.32988E-03 0.94676E-01 0.12801E-07 0.62802E-13 0.71470E+00
 0.86000E-05 0.19982E+04 0.19482E-05 0.15179E-03 0.45036E-04 0.19002E+00 0.15658E-05 0.44911E-04 0.28927E-06 0.23365E-12 0.30700E-09 0.22916E-04 0.13813E-04 0.33751E-03 0.94666E-01 0.14189E-07 0.71942E-13 0.71470E+00
 0.88000E-05 0.19982E+04 0.19709E-05 0.15608E-03 0.45859E-04 0.19001E+00 0.15856E-05 0.46247E-04 0.29498E-06 0.24329E-12 0.33224E-09 0.24486E-04 0.14356E-04 0.34512E-03 0.94655E-01 0.15694E-07 0.82190E-13 0.71470E+00
 0.90000E-05 0.19981E+04 0.19938E-05 0.16042E-03 0.46660E-04 0.19001E+00 0.16056E-05 0.47600E-04 0.30070E-06 0.25319E-12 0.35892E-09 0.26120E-04 0.14905E-04 0.35273E-03 0.94645E-01 0.17320E-07 0.93654E-13 0.71469E+00
 0.92000E-05 0.19981E+04 0.20169E-05 0.16481E-03 0.47440E-04 0.19001E+00 0.16259E-05 0.48970E-04 0.30644E-06 0.26336E-12 0.38710E-09 0.27817E-04 0.15460E-04 0.36033E-03 0.94635E-01 0.19075E-07 0.10645E-12 0.71469E+00
 0.94000E-05 0.19981E+04 0.20401E-05 0.16924E-03 0.48197E-04 0.19000E+00 0.16464E-05 0.50357E-04 0.31219E-06 0.27379E-12 0.41683E-09 0.29578E-04 0.16021E-04 0.36793E-03 0.94625E-01 0.20966E-07 0.12071E-12 0.71469E+00
 0.96000E-05 0.19980E+04 0.20636E-05 0.17371E-03 0.48932E-04 0.19000E+00 0.16671E-05 0.51761E-04 0.31797E-06 0.28450E-12 0.44814E-09 0.31403E-04 0.16587E-04 0.37551E-03 0.94614E-01 0.23001E-07 0.13657E-12 0.71468E+00
 0.98000E-05 0.19980E+04 0.20872E-05 0.17824E-03 0.49644E-04 0.19000E+00 0.16879E-05 0.53183E-04 0.32377E-06 0.29548E-12 0.48108E-09 0.33293E-04 0.17159E-04 0.38309E-03 0.94604E-01 0.25187E-07 0.15416E-12 0.71468E+00
 0.10000E-04 0.19980E+04 0.21109E-05 0.18281E-03 0.50333E-04 0.18999E+00 0.17089E-05 0.54622E-04 0.32960E-06 0.30675E-12 0.51568E-09 0.35248E-04 0.17736E-04 0.39067E-03 0.94593E-01 0.27531E-07 0.17365E-12 0.71468E+00
 0.10200E-04 0.19979E+04 0.21348E-05 0.18743E-03 0.50999E-04 0.18999E+00 0.17300E-05 0.56079E-04 0.33545E-06 0.31831E-12 0.55200E-09 0.37268E-04 0.18317E-04 0.39824E-03 0.94583E-01 0.30042E-07 0.19520E-12 0.71467E+00
 0.10400E-04 0.19979E+04 0.21588E-05 0.19209E-03 0.51643E-04 0.18999E+00 0.17513E-05 0.57553E-04 0.34132E-06 0.33015E-12 0.59007E-09 0.39353E-04 0.18904E-04 0.40580E-03 0.94572E-01 0.32728E-07 0.21898E-12 0.71467E+00
 0.10600E-04 0.19978E+04 0.21828E-05 0.19681E-03 0.52263E-04 0.18998E+00 0.17727E-05 0.59046E-04 0.34721E-06 0.34230E-12 0.62993E-09 0.41504E-04 0.19495E-04 0.41336E-03 0.94561E-01 0.35597E-07 0.24518E-12 0.71467E+00
 0.10800E-04 0.19978E+04 0.22070E-05 0.20157E-03 0.52860E-04 0.18998E+00 0.17941E-05 0.60556E-04 0.35313E-06 0.35474E-12 0.67161E-09 0.43720E-04 0.20091E-04 0.42092E-03 0.94550E-01 0.38657E-07 0.27401E-12 0.71466E+00
 0.11000E-04 0.19978E+04 0.22311E-05 0.20638E-03 0.53434E-04 0.18998E+00 0.18157E-05 0.62084E-04 0.35908E-06 0.36749E-12 0.71515E-09 0.46001E-04 0.20691E-04 0.42847E-03 0.94540E-01 0.41917E-07 0.30566E-12 0.71466E+00
 0.11200E-04 0.19977E+04 0.22554E-05 0.21123E-03 0.53986E-04 0.18997E+00 0.18373E-05 0.63631E-04 0.36505E-06 0.38054E-12 0.76059E-09 0.48348E-04 0.21296E-04 0.43601E-03 0.94529E-01 0.45386E-07 0.34038E-12 0.71466E+00
 0.11400E-04 0.19977E+04 0.22796E-05 0.21614E-03 0.54514E-04 0.18997E+00 0.18590E-05 0.65195E-04 0.37105E-06 0.39390E-12 0.80795E-09 0.50760E-04 0.21905E-04 0.44355E-03 0.94518E-01 0.49073E-07 0.37838E-12 0.71466E+00
 0.11600E-04 0.19977E+04 0.23039E-05 0.22109E-03 0.55020E-04 0.18997E+00 0.18807E-05 0.66778E-04 0.37707E-06 0.40758E-12 0.85728E-09 0.53238E-04 0.22517E-04 0.45109E-03 0.94507E-01 0.52987E-07 0.41992E-12 0.71465E+00
 0.11800E-04 0.19977E+04 0.23281E-05 0.22609E-03 0.55503E-04 0.18996E+00 0.19025E-05 0.68379E-04 0.38311E-06 0.42158E-12 0.90860E-09 0.55780E-04 0.23134E-04 0.45862E-03 0.94496E-01 0.57137E-07 0.46526E-12 0.71465E+00
 0.12000E-04 0.19976E+04 0.23524E-05 0.23113E-03 0.55964E-04 0.18996E+00 0.19242E-05 0.69998E-04 0.38918E-06 0.43590E-12 0.96194E-09 0.58387E-04 0.23755E-04 0.46614E-03 0.94484E-01 0.61533E-07 0.51469E-12 0.71465E+00
 0.12200E-04 0.19976E+04 0.23766E-05 0.23622E-03 0.56404E-04 0.18996E+00 0.19460E-05 0.71636E-04 0.39528E-06 0.45054E-12 0.10173E-08 0.61059E-04 0.24379E-04 0.47367E-03 0.94473E-01 0.66184E-07 0.56849E-12 0.71464E+00
 0.12400E-04 0.19976E+04 0.24008E-05 0.24136E-03 0.56821E-04 0.18995E+00 0.19678E-05 0.73291E-04 0.40139E-06 0.46551E-12 0.10748E-08 0.63796E-04 0.25007E-04 0.48119E-03 0.94462E-01 0.71099E-07 0.62697E-12 0.71464E+00
 0.12600E-04 0.19975E+04 0.24250E-05 0.24655E-03 0.57217E-04 0.18995E+00 0.19895E-05 0.74965E-04 0.40753E-06 0.48080E-12 0.11343E-08 0.66596E-04 0.25639E-04 0.48871E-03 0.94450E-01 0.76289E-07 0.69046E-12 0.71464E+00
 0.12800E-04 0.19975E+04 0.24491E-05 0.25178E-03 0.57591E-04 0.18995E+00 0.20112E-05 0.76657E-04 0.41370E-06 0.49643E-12 0.11960E-08 0.69460E-04 0.26274E-04 0.49622E-03 0.94439E-01 0.81764E-07 0.75928E-12 0.71463E+00
 0.13000E-04 0.19975E+04 0.24731E-05 0.25706E-03 0.57945E-04 0.18994E+00 0.20329E-05 0.78367E-04 0.41988E-06 0.51239E-12 0.12598E-08 0.72388E-04 0.26912E-04 0.50373E-03 0.94427E-01 0.87533E-07 0.83381E-12 0.71463E+00
 0.13200E-04 0.19974E+04 0.24970E-05 0.26238E-03 0.58279E-04 0.18994E+00 0.20545E-05 0.80096E-04 0.42609E-06 0.52869E-12 0.13258E-08 0.75378E-04 0.27554E-04 0.51124E-03 0.94416E-01 0.93606E-07 0.91440E-12 0.71463E+00
 0.13400E-04 0.19974E+04 0.25209E-05 0.26775E-03 0.58592E-04 0.18993E+00 0.20761E-05 0.81842E-04 0.43231E-06 0.54532E-12 0.13940E-08 0.78432E-04 0.28199E-04 0.51874E-03 0.94404E-01 0.99993E-07 0.10014E-11 0.71462E+00
 0.13600E-04 0.19974E+04 0.25447E-05 0.27316E-03 0.58886E-04 0.18993E+00 0.20977E-05 0.83607E-04 0.43856E-06 0.56229E-12 0.14643E-08 0.81547E-04 0.28847E-04 0.52625E-03 0.94392E-01 0.10671E-06 0.10953E-11 0.71462E+00
 0.13800E-04 0.19973E+04 0.25683E-05 0.27862E-03 0.59160E-04 0.18993E+00 0.21191E-05 0.85389E-04 0.44482E-06 0.57960E-12 0.15369E-08 0.84724E-04 0.29498E-04 0.53375E-03 0.94381E-01 0.11375E-06 0.11965E-11 0.71462E+00
 0.14000E-04 0.19973E+04 0.25919E-05 0.28412E-03 0.59415E-04 0.18992E+00 0.21405E-05 0.87190E-04 0.45110E-06 0.59726E-12 0.16117E-08 0.87963E-04 0.30152E-04 0.54124E-03 0.94369E-01 0.12115E-06 0.13054E-11 0.71461E+00
 0.14200E-04 0.19973E+04 0.26154E-05 0.28967E-03 0.59652E-04 0.18992E+00 0.21618E-05 0.89008E-04 0.45740E-06 0.61526E-12 0.16887E-08 0.91262E-04 0.30809E-04 0.54874E-03 0.94357E-01 0.12889E-06 0.14225E-11 0.71461E+00
 0.14400E-04 0.19973E+04 0.26387E-05 0.29526E-03 0.59871E-04 0.18991E+00 0.21830E-05 0.90845E-04 0.46371E-06 0.63360E-12 0.17680E-08 0.94622E-04 0.31469E-04 0.55623E-03 0.94345E-01 0.13701E-06 0.15483E-11 0.71461E+00
 0.14600E-04 0.19972E+04 0.26619E-05 0.30089E-03 0.60073E-04 0.18991E+00 0.22041E-05 0.92699E-04 0.47004E-06 0.65229E-12 0.18496E-08 0.98042E-04 0.32132E-04 0.56372E-03 0.94333E-01 0.14550E-06 0.16832E-11 0.71460E+00
 0.14800E-04 0.19972E+04 0.26850E-05 0.30657E-03 0.60258E-04 0.18991E+00 0.22251E-05 0.94570E-04 0.47639E-06 0.67133E-12 0.19335E-08 0.10152E-03 0.32797E-04 0.57121E-03 0.94321E-01 0.15438E-06 0.18278E-11 0.71460E+00
 0.15000E-04 0.19972E+04 0.27080E-05 0.31229E-03 0.60426E-04 0.18990E+00 0.22460E-05 0.96459E-04 0.48274E-06 0.69071E-12 0.20196E-08 0.10506E-03 0.33465E-04 0.57869E-03 0.94309E-01 0.16366E-06 0.19826E-11 0.71460E+00
 0.15200E-04 0.19971E+04 0.27309E-05 0.31805E-03 0.60578E-04 0.18990E+00 0.22668E-05 0.98366E-04 0.48911E-06 0.71045E-12 0.21080E-08 0.10865E-03 0.34136E-04 0.58618E-03 0.94297E-01 0.17334E-06 0.21481E-11 0.71459E+00
 0.15400E-04 0.19971E+04 0.27536E-05 0.32385E-03 0.60714E-04 0.18989E+00 0.22875E-05 0.10029E-03 0.49550E-06 0.73053E-12 0.21987E-08 0.11231E-03 0.34810E-04 0.59366E-03 0.94284E-01 0.18345E-06 0.23250E-11 0.71459E+00
 0.15600E-04 0.19971E+04 0.27761E-05 0.32970E-03 0.60836E-04 0.18989E+00 0.23081E-05 0.10223E-03 0.50189E-06 0.75097E-12 0.22918E-08 0.11602E-03 0.35486E-04 0.60114E-03 0.94272E-01 0.19399E-06 0.25138E-11 0.71459E+00
 0.15800E-04 0.19971E+04 0.27986E-05 0.33558E-03 0.60942E-04 0.18989E+00 0.23285E-05 0.10419E-03 0.50829E-06 0.77175E-12 0.23871E-08 0.11979E-03 0.36164E-04 0.60862E-03 0.94260E-01 0.20496E-06 0.27151E-11 0.71458E+00
 0.16000E-04 0.19970E+04 0.28209E-05 0.34151E-03 0.61035E-04 0.18988E+00 0.23489E-05 0.10617E-03 0.51471E-06 0.79289E-12 0.24848E-08 0.12361E-03 0.36846E-04 0.61609E-03 0.94247E-01 0.21639E-06 0.29297E-11 0.71458E+00
 0.16200E-04 0.19970E+04 0.28430E-05 0.34747E-03 0.61115E-04 0.18988E+00 0.23691E-05 0.10816E-03 0.52113E-06 0.81438E-12 0.25848E-08 0.12749E-03 0.37529E-04 0.62357E-03 0.94235E-01 0.22828E-06 0.31580E-11 0.71458E+00
 0.16400E-04 0.19970E+04 0.28651E-05 0.35348E-03 0.61181E-04 0.18987E+00 0.23892E-05 0.11017E-03 0.52756E-06 0.83622E-12 0.26871E-08 0.13142E-03 0.38215E-04 0.63104E-03 0.94222E-01 0.24065E-06 0.34009E-11 0.71457E+00
 0.16600E-04 0.19970E+04 0.28869E-05 0.35952E-03 0.61235E-04 0.18987E+00 0.24092E-05 0.11219E-03 0.53399E-06 0.85842E-12 0.27917E-08 0.13541E-03 0.38903E-04 0.63851E-03 0.94209E-01 0.25350E-06 0.36590E-11 0.71457E+00
 0.16800E-04 0.19969E+04 0.29087E-05 0.36560E-03 0.61277E-04 0.18986E+00 0.24290E-05 0.11424E-03 0.54043E-06 0.88097E-12 0.28987E-08 0.13945E-03 0.39594E-04 0.64598E-03 0.94197E-01 0.26684E-06 0.39331E-11 0.71457E+00
 0.17000E-04 0.19969E+04 0.29303E-05 0.37172E-03 0.61307E-04 0.18986E+00 0.24488E-05 0.11630E-03 0.54688E-06 0.90387E-12 0.30081E-08 0.14355E-03 0.40287E-04 0.65345E-03 0.94184E-01 0.28069E-06 0.42238E-11 0.71456E+00
 0.17200E-04 0.19969E+04 0.29518E-05 0.37788E-03 0.61327E-04 0.18986E+00 0.24684E-05 0.11837E-03 0.55333E-06 0.92713E-12 0.31198E-08 0.14770E-03 0.40982E-04 0.66092E-03 0.94171E-01 0.29506E-06 0.45320E-11 0.71456E+00
 0.17400E-04 0.19969E+04 0.29731E-05 0.38408E-03 0.61336E-04 0.18985E+00 0.24879E-05 0.12047E-03 0.55979E-06 0.95074E-12 0.32338E-08 0.15190E-03 0.41679E-04 0.66838E-03 0.94158E-01 0.30995E-06 0.48584E-11 0.71456E+00
 0.17600E-04 0.19968E+04 0.29944E-05 0.39031E-03 0.61335E-04 0.18985E+00 0.25073E-05 0.12258E-03 0.56625E-06 0.97471E-12 0.33502E-08 0.15615E-03 0.42379E-04 0.67584E-03 0.94146E-01 0.32539E-06 0.52038E-11 0.71455E+00
 0.17800E-04 0.19968E+04 0.30155E-05 0.39658E-03 0.61324E-04 0.18984E+00 0.25265E-05 0.12470E-03 0.57271E-06 0.99903E-12 0.34690E-08 0.16045E-03 0.43081E-04 0.68331E-03 0.94133E-01 0.34137E-06 0.55692E-11 0.71455E+00
 0.18000E-04 0.19968E+04 0.30365E-05 0.40288E-03 0.61305E-04 0.18984E+00 0.25457E-05 0.12684E-03 0.57918E-06 0.10237E-11 0.35901E-08 0.16481E-03 0.43785E-04 0.69077E-03 0.94120E-01 0.35792E-06 0.59553E-11 0.71455E+00
 0.18200E-04 0.19968E+04 0.30573E-05 0.40922E-03 0.61276E-04 0.18983E+00 0.25647E-05 0.12900E-03 0.58565E-06 0.10488E-11 0.37136E-08 0.16921E-03 0.44490E-04 0.69823E-03 0.94107E-01 0.37504E-06 0.63630E-11 0.71454E+00
 0.18400E-04 0.19967E+04 0.30781E-05 0.41560E-03 0.61240E-04 0.18983E+00 0.25837E-05 0.13117E-03 0.59212E-06 0.10741E-11 0.38395E-08 0.17366E-03 0.45198E-04 0.70568E-03 0.94093E-01 0.39273E-06 0.67933E-11 0.71454E+00
 0.18600E-04 0.19967E+04 0.30987E-05 0.42201E-03 0.61196E-04 0.18982E+00 0.26025E-05 0.13336E-03 0.59859E-06 0.10999E-11 0.39678E-08 0.17817E-03 0.45909E-04 0.71314E-03 0.94080E-01 0.41103E-06 0.72471E-11 0.71453E+00
 0.18800E-04 0.19967E+04 0.31192E-05 0.42845E-03 0.61145E-04 0.18982E+00 0.26212E-05 0.13557E-03 0.60506E-06 0.11260E-11 0.40984E-08 0.18272E-03 0.46621E-04 0.72059E-03 0.94067E-01 0.42993E-06 0.77252E-11 0.71453E+00
 0.19000E-04 0.19967E+04 0.31396E-05 0.43493E-03 0.61087E-04 0.18982E+00 0.26398E-05 0.13779E-03 0.61153E-06 0.11525E-11 0.42315E-08 0.18732E-03 0.47335E-04 0.72805E-03 0.94054E-01 0.44944E-06 0.82288E-11 0.71453E+00
 0.19200E-04 0.19966E+04 0.31600E-05 0.44144E-03 0.61023E-04 0.18981E+00 0.26583E-05 0.14002E-03 0.61801E-06 0.11793E-11 0.43669E-08 0.19197E-03 0.48051E-04 0.73550E-03 0.94041E-01 0.46958E-06 0.87589E-11 0.71452E+00
 0.19400E-04 0.19966E+04 0.31802E-05 0.44799E-03 0.60953E-04 0.18981E+00 0.26768E-05 0.14228E-03 0.62448E-06 0.12065E-11 0.45048E-08 0.19666E-03 0.48769E-04 0.74295E-03 0.94027E-01 0.49036E-06 0.93164E-11 0.71452E+00
 0.19600E-04 0.19966E+04 0.32003E-05 0.45457E-03 0.60877E-04 0.18980E+00 0.26951E-05 0.14454E-03 0.63095E-06 0.12341E-11 0.46451E-08 0.20140E-03 0.49489E-04 0.75040E-03 0.94014E-01 0.51179E-06 0.99024E-11 0.71452E+00
 0.19800E-04 0.19966E+04 0.32204E-05 0.46118E-03 0.60796E-04 0.18980E+00 0.27134E-05 0.14683E-03 0.63742E-06 0.12620E-11 0.47878E-08 0.20619E-03 0.50210E-04 0.75785E-03 0.94000E-01 0.53388E-06 0.10518E-10 0.71451E+00
 0.20000E-04 0.19965E+04 0.32404E-05 0.46783E-03 0.60711E-04 0.18979E+00 0.27315E-05 0.14912E-03 0.64389E-06 0.12903E-11 0.49329E-08 0.21102E-03 0.50934E-04 0.76529E-03 0.93987E-01 0.55665E-06 0.11164E-10 0.71451E+00
 0.20200E-04 0.19965E+04 0.32603E-05 0.47450E-03 0.60621E-04 0.18979E+00 0.27496E-05 0.15144E-03 0.65036E-06 0.13190E-11 0.50805E-08 0.21590E-03 0.51659E-04 0.77274E-03 0.93973E-01 0.58009E-06 0.11843E-10 0.71451E+00
 0.20400E-04 0.19965E+04 0.32801E-05 0.48121E-03 0.60526E-04 0.18978E+00 0.27677E-05 0.15377E-03 0.65683E-06 0.13480E-11 0.52306E-08 0.22083E-03 0.52386E-04 0.78018E-03 0.93960E-01 0.60423E-06 0.12554E-10 0.71450E+00
 0.20600E-04 0.19965E+04 0.32999E-05 0.48795E-03 0.60429E-04 0.18978E+00 0.27856E-05 0.15611E-03 0.66330E-06 0.13774E-11 0.53831E-08 0.22580E-03 0.53115E-04 0.78763E-03 0.93946E-01 0.62908E-06 0.13299E-10 0.71450E+00
 0.20800E-04 0.19965E+04 0.33196E-05 0.49472E-03 0.60327E-04 0.18977E+00 0.28035E-05 0.15847E-03 0.66977E-06 0.14072E-11 0.55381E-08 0.23082E-03 0.53846E-04 0.79507E-03 0.93932E-01 0.65465E-06 0.14080E-10 0.71450E+00
 0.21000E-04 0.19964E+04 0.33393E-05 0.50153E-03 0.60223E-04 0.18977E+00 0.28213E-05 0.16084E-03 0.67623E-06 0.14373E-11 0.56957E-08 0.23588E-03 0.54579E-04 0.80251E-03 0.93919E-01 0.68094E-06 0.14898E-10 0.71449E+00
 0.21200E-04 0.19964E+04 0.33589E-05 0.50836E-03 0.60116E-04 0.18976E+00 0.28391E-05 0.16323E-03 0.68270E-06 0.14678E-11 0.58557E-08 0.24098E-03 0.55313E-04 0.80995E-03 0.93905E-01 0.70797E-06 0.15754E-10 0.71449E+00
 0.21400E-04 0.19964E+04 0.33785E-05 0.51523E-03 0.60006E-04 0.18976E+00 0.28568E-05 0.16564E-03 0.68916E-06 0.14987E-11 0.60183E-08 0.24613E-03 0.56048E-04 0.81738E-03 0.93891E-01 0.73576E-06 0.16649E-10 0.71448E+00
 0.21600E-04 0.19964E+04 0.33980E-05 0.52212E-03 0.59894E-04 0.18975E+00 0.28745E-05 0.16805E-03 0.69563E-06 0.15300E-11 0.61834E-08 0.25132E-03 0.56786E-04 0.82482E-03 0.93877E-01 0.76431E-06 0.17585E-10 0.71448E+00
 0.21800E-04 0.19964E+04 0.34175E-05 0.52904E-03 0.59781E-04 0.18975E+00 0.28922E-05 0.17049E-03 0.70209E-06 0.15617E-11 0.63511E-08 0.25655E-03 0.57525E-04 0.83226E-03 0.93863E-01 0.79364E-06 0.18563E-10 0.71448E+00
 0.22000E-04 0.19963E+04 0.34370E-05 0.53600E-03 0.59665E-04 0.18974E+00 0.29098E-05 0.17294E-03 0.70855E-06 0.15937E-11 0.65214E-08 0.26183E-03 0.58266E-04 0.83969E-03 0.93849E-01 0.82376E-06 0.19584E-10 0.71447E+00
 0.22200E-04 0.19963E+04 0.34564E-05 0.54298E-03 0.59548E-04 0.18974E+00 0.29273E-05 0.17540E-03 0.71502E-06 0.16261E-11 0.66943E-08 0.26715E-03 0.59008E-04 0.84712E-03 0.93835E-01 0.85467E-06 0.20651E-10 0.71447E+00
 0.22400E-04 0.19963E+04 0.34759E-05 0.55000E-03 0.59430E-04 0.18973E+00 0.29449E-05 0.17788E-03 0.72148E-06 0.16590E-11 0.68698E-08 0.27251E-03 0.59752E-04 0.85455E-03 0.93821E-01 0.88640E-06 0.21764E-10 0.71447E+00
 0.22600E-04 0.19963E+04 0.34953E-05 0.55704E-03 0.59311E-04 0.18972E+00 0.29624E-05 0.18037E-03 0.72794E-06 0.16922E-11 0.70479E-08 0.27791E-03 0.60497E-04 0.86198E-03 0.93807E-01 0.91895E-06 0.22925E-10 0.71446E+00
 0.22800E-04 0.19962E+04 0.35147E-05 0.56411E-03 0.59192E-04 0.18972E+00 0.29799E-05 0.18288E-03 0.73441E-06 0.17258E-11 0.72287E-08 0.28336E-03 0.61244E-04 0.86941E-03 0.93793E-01 0.95234E-06 0.24135E-10 0.71446E+00
 0.23000E-04 0.19962E+04 0.35341E-05 0.57121E-03 0.59071E-04 0.18971E+00 0.29974E-05 0.18540E-03 0.74087E-06 0.17598E-11 0.74122E-08 0.28885E-03 0.61992E-04 0.87684E-03 0.93779E-01 0.98658E-06 0.25397E-10 0.71446E+00
 0.23200E-04 0.19962E+04 0.35535E-05 0.57834E-03 0.58951E-04 0.18971E+00 0.30148E-05 0.18794E-03 0.74734E-06 0.17942E-11 0.75985E-08 0.29438E-03 0.62742E-04 0.88427E-03 0.93764E-01 0.10217E-05 0.26711E-10 0.71445E+00
 0.23400E-04 0.19962E+04 0.35730E-05 0.58550E-03 0.58830E-04 0.18970E+00 0.30323E-05 0.19049E-03 0.75380E-06 0.18291E-11 0.77874E-08 0.29995E-03 0.63493E-04 0.89170E-03 0.93750E-01 0.10577E-05 0.28080E-10 0.71445E+00
 0.23600E-04 0.19962E+04 0.35924E-05 0.59269E-03 0.58709E-04 0.18970E+00 0.30498E-05 0.19306E-03 0.76027E-06 0.18643E-11 0.79792E-08 0.30557E-03 0.64245E-04 0.89912E-03 0.93736E-01 0.10945E-05 0.29505E-10 0.71444E+00
 0.23800E-04 0.19961E+04 0.36118E-05 0.59991E-03 0.58588E-04 0.18969E+00 0.30672E-05 0.19564E-03 0.76675E-06 0.18999E-11 0.81737E-08 0.31122E-03 0.64999E-04 0.90654E-03 0.93721E-01 0.11323E-05 0.30987E-10 0.71444E+00
 0.24000E-04 0.19961E+04 0.36313E-05 0.60715E-03 0.58467E-04 0.18969E+00 0.30847E-05 0.19824E-03 0.77322E-06 0.19360E-11 0.83710E-08 0.31692E-03 0.65754E-04 0.91397E-03 0.93707E-01 0.11709E-05 0.32530E-10 0.71444E+00
 0.24200E-04 0.19961E+04 0.36508E-05 0.61442E-03 0.58347E-04 0.18968E+00 0.31022E-05 0.20085E-03 0.77970E-06 0.19725E-11 0.85712E-08 0.32265E-03 0.66511E-04 0.92139E-03 0.93693E-01 0.12105E-05 0.34133E-10 0.71443E+00
 0.24400E-04 0.19961E+04 0.36703E-05 0.62172E-03 0.58228E-04 0.18968E+00 0.31197E-05 0.20347E-03 0.78618E-06 0.20094E-11 0.87743E-08 0.32843E-03 0.67269E-04 0.92881E-03 0.93678E-01 0.12511E-05 0.35801E-10 0.71443E+00
 0.24600E-04 0.19961E+04 0.36899E-05 0.62905E-03 0.58109E-04 0.18967E+00 0.31372E-05 0.20611E-03 0.79266E-06 0.20467E-11 0.89802E-08 0.33425E-03 0.68028E-04 0.93623E-03 0.93664E-01 0.12926E-05 0.37533E-10 0.71443E+00
 0.24800E-04 0.19960E+04 0.37094E-05 0.63641E-03 0.57991E-04 0.18966E+00 0.31547E-05 0.20877E-03 0.79915E-06 0.20845E-11 0.91891E-08 0.34011E-03 0.68788E-04 0.94365E-03 0.93649E-01 0.13350E-05 0.39333E-10 0.71442E+00
 0.25000E-04 0.19960E+04 0.37291E-05 0.64379E-03 0.57873E-04 0.18966E+00 0.31723E-05 0.21144E-03 0.80565E-06 0.21227E-11 0.94010E-08 0.34601E-03 0.69550E-04 0.95107E-03 0.93634E-01 0.13785E-05 0.41201E-10 0.71442E+00
 0.25200E-04 0.19960E+04 0.37487E-05 0.65120E-03 0.57757E-04 0.18965E+00 0.31899E-05 0.21413E-03 0.81214E-06 0.21614E-11 0.96158E-08 0.35195E-03 0.70313E-04 0.95849E-03 0.93620E-01 0.14229E-05 0.43141E-10 0.71441E+00
 0.25400E-04 0.19960E+04 0.37684E-05 0.65865E-03 0.57642E-04 0.18965E+00 0.32075E-05 0.21683E-03 0.81865E-06 0.22005E-11 0.98337E-08 0.35793E-03 0.71077E-04 0.96590E-03 0.93605E-01 0.14683E-05 0.45155E-10 0.71441E+00
 0.25600E-04 0.19960E+04 0.37882E-05 0.66611E-03 0.57528E-04 0.18964E+00 0.32251E-05 0.21954E-03 0.82516E-06 0.22400E-11 0.10055E-07 0.36395E-03 0.71842E-04 0.97332E-03 0.93590E-01 0.15148E-05 0.47243E-10 0.71441E+00
 0.25800E-04 0.19959E+04 0.38080E-05 0.67361E-03 0.57415E-04 0.18964E+00 0.32428E-05 0.22227E-03 0.83168E-06 0.22800E-11 0.10279E-07 0.37001E-03 0.72608E-04 0.98073E-03 0.93575E-01 0.15623E-05 0.49410E-10 0.71440E+00
 0.26000E-04 0.19959E+04 0.38279E-05 0.68113E-03 0.57303E-04 0.18963E+00 0.32605E-05 0.22502E-03 0.83820E-06 0.23205E-11 0.10506E-07 0.37611E-03 0.73375E-04 0.98815E-03 0.93561E-01 0.16108E-05 0.51656E-10 0.71440E+00
 0.26200E-04 0.19959E+04 0.38478E-05 0.68868E-03 0.57193E-04 0.18962E+00 0.32783E-05 0.22778E-03 0.84473E-06 0.23614E-11 0.10736E-07 0.38226E-03 0.74144E-04 0.99556E-03 0.93546E-01 0.16604E-05 0.53984E-10 0.71439E+00
 0.26400E-04 0.19959E+04 0.38678E-05 0.69626E-03 0.57084E-04 0.18962E+00 0.32961E-05 0.23055E-03 0.85127E-06 0.24028E-11 0.10969E-07 0.38844E-03 0.74913E-04 0.10030E-02 0.93531E-01 0.17111E-05 0.56397E-10 0.71439E+00
 0.26600E-04 0.19959E+04 0.38879E-05 0.70387E-03 0.56977E-04 0.18961E+00 0.33139E-05 0.23334E-03 0.85782E-06 0.24447E-11 0.11206E-07 0.39466E-03 0.75684E-04 0.10104E-02 0.93516E-01 0.17629E-05 0.58896E-10 0.71439E+00
 0.26800E-04 0.19959E+04 0.39080E-05 0.71150E-03 0.56871E-04 0.18961E+00 0.33319E-05 0.23615E-03 0.86438E-06 0.24871E-11 0.11446E-07 0.40092E-03 0.76455E-04 0.10178E-02 0.93501E-01 0.18157E-05 0.61485E-10 0.71438E+00
 0.27000E-04 0.19958E+04 0.39282E-05 0.71916E-03 0.56766E-04 0.18960E+00 0.33498E-05 0.23897E-03 0.87094E-06 0.25299E-11 0.11689E-07 0.40723E-03 0.77228E-04 0.10252E-02 0.93486E-01 0.18697E-05 0.64166E-10 0.71438E+00
 0.27200E-04 0.19958E+04 0.39484E-05 0.72685E-03 0.56664E-04 0.18959E+00 0.33678E-05 0.24181E-03 0.87752E-06 0.25733E-11 0.11936E-07 0.41357E-03 0.78001E-04 0.10326E-02 0.93471E-01 0.19249E-05 0.66940E-10 0.71438E+00
 0.27400E-04 0.19958E+04 0.39688E-05 0.73456E-03 0.56562E-04 0.18959E+00 0.33859E-05 0.24466E-03 0.88411E-06 0.26171E-11 0.12186E-07 0.41996E-03 0.78776E-04 0.10400E-02 0.93455E-01 0.19812E-05 0.69812E-10 0.71437E+00
 0.27600E-04 0.19958E+04 0.39892E-05 0.74231E-03 0.56463E-04 0.18958E+00 0.34040E-05 0.24752E-03 0.89070E-06 0.26615E-11 0.12439E-07 0.42638E-03 0.79551E-04 0.10474E-02 0.93440E-01 0.20387E-05 0.72783E-10 0.71437E+00
 0.27800E-04 0.19958E+04 0.40096E-05 0.75008E-03 0.56365E-04 0.18958E+00 0.34222E-05 0.25041E-03 0.89731E-06 0.27063E-11 0.12696E-07 0.43285E-03 0.80327E-04 0.10548E-02 0.93425E-01 0.20973E-05 0.75856E-10 0.71436E+00
 0.28000E-04 0.19957E+04 0.40302E-05 0.75788E-03 0.56269E-04 0.18957E+00 0.34404E-05 0.25330E-03 0.90393E-06 0.27517E-11 0.12956E-07 0.43935E-03 0.81104E-04 0.10623E-02 0.93410E-01 0.21572E-05 0.79034E-10 0.71436E+00
 0.28200E-04 0.19957E+04 0.40509E-05 0.76570E-03 0.56174E-04 0.18956E+00 0.34587E-05 0.25622E-03 0.91056E-06 0.27976E-11 0.13220E-07 0.44590E-03 0.81882E-04 0.10697E-02 0.93394E-01 0.22182E-05 0.82319E-10 0.71436E+00
 0.28400E-04 0.19957E+04 0.40716E-05 0.77355E-03 0.56081E-04 0.18956E+00 0.34771E-05 0.25915E-03 0.91721E-06 0.28440E-11 0.13487E-07 0.45249E-03 0.82661E-04 0.10771E-02 0.93379E-01 0.22805E-05 0.85716E-10 0.71435E+00
 0.28600E-04 0.19957E+04 0.40924E-05 0.78144E-03 0.55990E-04 0.18955E+00 0.34956E-05 0.26209E-03 0.92387E-06 0.28910E-11 0.13758E-07 0.45911E-03 0.83441E-04 0.10845E-02 0.93364E-01 0.23441E-05 0.89226E-10 0.71435E+00
 0.28800E-04 0.19957E+04 0.41133E-05 0.78934E-03 0.55900E-04 0.18955E+00 0.35141E-05 0.26505E-03 0.93054E-06 0.29385E-11 0.14033E-07 0.46578E-03 0.84221E-04 0.10919E-02 0.93348E-01 0.24089E-05 0.92852E-10 0.71434E+00
 0.29000E-04 0.19957E+04 0.41343E-05 0.79728E-03 0.55812E-04 0.18954E+00 0.35327E-05 0.26803E-03 0.93722E-06 0.29865E-11 0.14311E-07 0.47249E-03 0.85002E-04 0.10993E-02 0.93333E-01 0.24750E-05 0.96598E-10 0.71434E+00
 0.29200E-04 0.19956E+04 0.41554E-05 0.80524E-03 0.55726E-04 0.18953E+00 0.35513E-05 0.27102E-03 0.94392E-06 0.30351E-11 0.14593E-07 0.47924E-03 0.85784E-04 0.11067E-02 0.93317E-01 0.25424E-05 0.10047E-09 0.71434E+00
 0.29400E-04 0.19956E+04 0.41765E-05 0.81323E-03 0.55641E-04 0.18953E+00 0.35700E-05 0.27403E-03 0.95064E-06 0.30843E-11 0.14878E-07 0.48603E-03 0.86567E-04 0.11141E-02 0.93302E-01 0.26111E-05 0.10446E-09 0.71433E+00
 0.29600E-04 0.19956E+04 0.41978E-05 0.82125E-03 0.55559E-04 0.18952E+00 0.35888E-05 0.27705E-03 0.95737E-06 0.31340E-11 0.15168E-07 0.49286E-03 0.87351E-04 0.11215E-02 0.93286E-01 0.26812E-05 0.10859E-09 0.71433E+00
 0.29800E-04 0.19956E+04 0.42191E-05 0.82930E-03 0.55477E-04 0.18951E+00 0.36077E-05 0.28009E-03 0.96411E-06 0.31843E-11 0.15461E-07 0.49973E-03 0.88135E-04 0.11289E-02 0.93270E-01 0.27526E-05 0.11284E-09 0.71432E+00
 0.30000E-04 0.19956E+04 0.42406E-05 0.83737E-03 0.55398E-04 0.18951E+00 0.36266E-05 0.28315E-03 0.97087E-06 0.32351E-11 0.15758E-07 0.50664E-03 0.88920E-04 0.11363E-02 0.93254E-01 0.28254E-05 0.11723E-09 0.71432E+00
 0.30200E-04 0.19956E+04 0.42621E-05 0.84547E-03 0.55320E-04 0.18950E+00 0.36457E-05 0.28622E-03 0.97765E-06 0.32866E-11 0.16059E-07 0.51359E-03 0.89705E-04 0.11437E-02 0.93239E-01 0.28995E-05 0.12177E-09 0.71431E+00
 0.30400E-04 0.19955E+04 0.42837E-05 0.85360E-03 0.55244E-04 0.18949E+00 0.36648E-05 0.28931E-03 0.98445E-06 0.33386E-11 0.16364E-07 0.52058E-03 0.90491E-04 0.11511E-02 0.93223E-01 0.29751E-05 0.12644E-09 0.71431E+00
 0.30600E-04 0.19955E+04 0.43055E-05 0.86176E-03 0.55169E-04 0.18949E+00 0.36839E-05 0.29241E-03 0.99126E-06 0.33913E-11 0.16673E-07 0.52762E-03 0.91278E-04 0.11585E-02 0.93207E-01 0.30521E-05 0.13126E-09 0.71431E+00
 0.30800E-04 0.19955E+04 0.43273E-05 0.86994E-03 0.55096E-04 0.18948E+00 0.37032E-05 0.29554E-03 0.99809E-06 0.34445E-11 0.16986E-07 0.53469E-03 0.92066E-04 0.11660E-02 0.93191E-01 0.31305E-05 0.13623E-09 0.71430E+00
 0.31000E-04 0.19955E+04 0.43492E-05 0.87815E-03 0.55025E-04 0.18947E+00 0.37225E-05 0.29867E-03 0.10049E-05 0.34983E-11 0.17303E-07 0.54181E-03 0.92854E-04 0.11734E-02 0.93175E-01 0.32104E-05 0.14136E-09 0.71430E+00
 0.31200E-04 0.19955E+04 0.43712E-05 0.88639E-03 0.54955E-04 0.18947E+00 0.37420E-05 0.30183E-03 0.10118E-05 0.35528E-11 0.17624E-07 0.54896E-03 0.93642E-04 0.11808E-02 0.93159E-01 0.32918E-05 0.14664E-09 0.71429E+00
 0.31400E-04 0.19955E+04 0.43934E-05 0.89466E-03 0.54886E-04 0.18946E+00 0.37615E-05 0.30500E-03 0.10187E-05 0.36079E-11 0.17949E-07 0.55616E-03 0.94431E-04 0.11882E-02 0.93143E-01 0.33747E-05 0.15208E-09 0.71429E+00
 0.31600E-04 0.19954E+04 0.44156E-05 0.90295E-03 0.54820E-04 0.18945E+00 0.37810E-05 0.30819E-03 0.10256E-05 0.36636E-11 0.18279E-07 0.56340E-03 0.95221E-04 0.11956E-02 0.93127E-01 0.34591E-05 0.15769E-09 0.71429E+00
 0.31800E-04 0.19954E+04 0.44379E-05 0.91128E-03 0.54754E-04 0.18945E+00 0.38007E-05 0.31139E-03 0.10325E-05 0.37200E-11 0.18613E-07 0.57068E-03 0.96011E-04 0.12030E-02 0.93111E-01 0.35450E-05 0.16347E-09 0.71428E+00
 0.32000E-04 0.19954E+04 0.44604E-05 0.91963E-03 0.54691E-04 0.18944E+00 0.38205E-05 0.31461E-03 0.10394E-05 0.37770E-11 0.18950E-07 0.57800E-03 0.96802E-04 0.12104E-02 0.93095E-01 0.36325E-05 0.16943E-09 0.71428E+00
 0.32200E-04 0.19954E+04 0.44829E-05 0.92801E-03 0.54628E-04 0.18943E+00 0.38403E-05 0.31785E-03 0.10464E-05 0.38346E-11 0.19293E-07 0.58537E-03 0.97594E-04 0.12178E-02 0.93079E-01 0.37215E-05 0.17556E-09 0.71427E+00
 0.32400E-04 0.19954E+04 0.45055E-05 0.93641E-03 0.54567E-04 0.18943E+00 0.38602E-05 0.32111E-03 0.10534E-05 0.38929E-11 0.19639E-07 0.59277E-03 0.98385E-04 0.12252E-02 0.93062E-01 0.38122E-05 0.18187E-09 0.71427E+00
 0.32600E-04 0.19954E+04 0.45283E-05 0.94485E-03 0.54508E-04 0.18942E+00 0.38802E-05 0.32438E-03 0.10604E-05 0.39519E-11 0.19991E-07 0.60022E-03 0.99178E-04 0.12326E-02 0.93046E-01 0.39045E-05 0.18838E-09 0.71426E+00
 0.32800E-04 0.19954E+04 0.45511E-05 0.95331E-03 0.54450E-04 0.18941E+00 0.39003E-05 0.32767E-03 0.10674E-05 0.40115E-11 0.20346E-07 0.60771E-03 0.99971E-04 0.12400E-02 0.93030E-01 0.39984E-05 0.19507E-09 0.71426E+00
 0.33000E-04 0.19953E+04 0.45740E-05 0.96180E-03 0.54393E-04 0.18941E+00 0.39205E-05 0.33097E-03 0.10745E-05 0.40719E-11 0.20706E-07 0.61524E-03 0.10076E-03 0.12474E-02 0.93013E-01 0.40940E-05 0.20196E-09 0.71426E+00
 0.33200E-04 0.19953E+04 0.45971E-05 0.97032E-03 0.54338E-04 0.18940E+00 0.39407E-05 0.33430E-03 0.10815E-05 0.41329E-11 0.21071E-07 0.62281E-03 0.10156E-03 0.12549E-02 0.92997E-01 0.41912E-05 0.20905E-09 0.71425E+00
 0.33400E-04 0.19953E+04 0.46202E-05 0.97887E-03 0.54284E-04 0.18939E+00 0.39611E-05 0.33764E-03 0.10886E-05 0.41946E-11 0.21440E-07 0.63042E-03 0.10235E-03 0.12623E-02 0.92980E-01 0.42901E-05 0.21634E-09 0.71425E+00
 0.33600E-04 0.19953E+04 0.46435E-05 0.98744E-03 0.54231E-04 0.18938E+00 0.39815E-05 0.34100E-03 0.10957E-05 0.42570E-11 0.21814E-07 0.63807E-03 0.10315E-03 0.12697E-02 0.92964E-01 0.43908E-05 0.22384E-09 0.71424E+00
 0.33800E-04 0.19953E+04 0.46669E-05 0.99605E-03 0.54180E-04 0.18938E+00 0.40020E-05 0.34437E-03 0.11029E-05 0.43201E-11 0.22192E-07 0.64577E-03 0.10394E-03 0.12771E-02 0.92947E-01 0.44932E-05 0.23156E-09 0.71424E+00
 0.34000E-04 0.19953E+04 0.46904E-05 0.10047E-02 0.54130E-04 0.18937E+00 0.40226E-05 0.34777E-03 0.11100E-05 0.43840E-11 0.22575E-07 0.65351E-03 0.10474E-03 0.12845E-02 0.92931E-01 0.45974E-05 0.23950E-09 0.71423E+00
 0.34200E-04 0.19953E+04 0.47139E-05 0.10133E-02 0.54081E-04 0.18936E+00 0.40433E-05 0.35118E-03 0.11172E-05 0.44485E-11 0.22963E-07 0.66129E-03 0.10553E-03 0.12919E-02 0.92914E-01 0.47033E-05 0.24767E-09 0.71423E+00
 0.34400E-04 0.19952E+04 0.47376E-05 0.10220E-02 0.54033E-04 0.18936E+00 0.40641E-05 0.35461E-03 0.11244E-05 0.45138E-11 0.23355E-07 0.66911E-03 0.10633E-03 0.12993E-02 0.92897E-01 0.48111E-05 0.25607E-09 0.71423E+00
 0.34600E-04 0.19952E+04 0.47614E-05 0.10307E-02 0.53987E-04 0.18935E+00 0.40849E-05 0.35806E-03 0.11316E-05 0.45798E-11 0.23753E-07 0.67698E-03 0.10713E-03 0.13068E-02 0.92881E-01 0.49207E-05 0.26470E-09 0.71422E+00
 0.34800E-04 0.19952E+04 0.47853E-05 0.10395E-02 0.53942E-04 0.18934E+00 0.41059E-05 0.36152E-03 0.11388E-05 0.46466E-11 0.24155E-07 0.68488E-03 0.10792E-03 0.13142E-02 0.92864E-01 0.50321E-05 0.27357E-09 0.71422E+00
 0.35000E-04 0.19952E+04 0.48093E-05 0.10483E-02 0.53898E-04 0.18933E+00 0.41269E-05 0.36501E-03 0.11461E-05 0.47141E-11 0.24563E-07 0.69283E-03 0.10872E-03 0.13216E-02 0.92847E-01 0.51455E-05 0.28269E-09 0.71421E+00
 0.35200E-04 0.19952E+04 0.48335E-05 0.10571E-02 0.53855E-04 0.18933E+00 0.41481E-05 0.36851E-03 0.11534E-05 0.47824E-11 0.24975E-07 0.70082E-03 0.10952E-03 0.13290E-02 0.92830E-01 0.52607E-05 0.29206E-09 0.71421E+00
 0.35400E-04 0.19952E+04 0.48577E-05 0.10659E-02 0.53813E-04 0.18932E+00 0.41693E-05 0.37203E-03 0.11607E-05 0.48515E-11 0.25392E-07 0.70886E-03 0.11031E-03 0.13364E-02 0.92813E-01 0.53778E-05 0.30169E-09 0.71420E+00
 0.35600E-04 0.19952E+04 0.48820E-05 0.10748E-02 0.53772E-04 0.18931E+00 0.41906E-05 0.37557E-03 0.11681E-05 0.49213E-11 0.25815E-07 0.71693E-03 0.11111E-03 0.13438E-02 0.92796E-01 0.54969E-05 0.31159E-09 0.71420E+00
 0.35800E-04 0.19951E+04 0.49065E-05 0.10836E-02 0.53733E-04 0.18930E+00 0.42120E-05 0.37912E-03 0.11754E-05 0.49919E-11 0.26242E-07 0.72505E-03 0.11191E-03 0.13513E-02 0.92779E-01 0.56179E-05 0.32175E-09 0.71420E+00
 0.36000E-04 0.19951E+04 0.49311E-05 0.10926E-02 0.53694E-04 0.18930E+00 0.42335E-05 0.38270E-03 0.11828E-05 0.50633E-11 0.26675E-07 0.73321E-03 0.11271E-03 0.13587E-02 0.92762E-01 0.57409E-05 0.33219E-09 0.71419E+00
 0.36200E-04 0.19951E+04 0.49557E-05 0.11015E-02 0.53656E-04 0.18929E+00 0.42551E-05 0.38629E-03 0.11902E-05 0.51355E-11 0.27113E-07 0.74141E-03 0.11351E-03 0.13661E-02 0.92745E-01 0.58660E-05 0.34292E-09 0.71419E+00
 0.36400E-04 0.19951E+04 0.49805E-05 0.11105E-02 0.53620E-04 0.18928E+00 0.42767E-05 0.38990E-03 0.11977E-05 0.52085E-11 0.27556E-07 0.74966E-03 0.11431E-03 0.13735E-02 0.92728E-01 0.59930E-05 0.35393E-09 0.71418E+00
